0 900.0
1 9.00e+02
2 9.00e+02
3 9.00e+02
4 9.00e+02
5 9.00e+02
6 9.00e+02
7 9.00e+02
8 9.00e+02
9 9.00e+02
10 9.00e+02
11 9.00e+02
12 9.00e+02
13 9.00e+02
14 9.00e+02
15 9.00e+02
16 9.00e+02
17 9.00e+02
18 9.00e+02
19 9.00e+02
20 9.00e+02
21 9.00e+02
22 9.00e+02
23 9.00e+02
24 9.00e+02
25 9.00e+02
26 9.00e+02
27 9.00e+02
28 9.00e+02
29 9.00e+02
30 9.00e+02
31 9.00e+02
32 9.00e+02
33 9.00e+02
34 9.00e+02
35 9.00e+02
36 9.00e+02
37 9.00e+02
38 9.00e+02
39 9.00e+02
40 9.00e+02
41 9.00e+02
42 9.00e+02
43 9.00e+02
44 9.00e+02
45 9.00e+02
46 9.00e+02
47 9.00e+02
48 9.00e+02
49 9.00e+02
50 9.00e+02
51 9.00e+02
52 9.00e+02
53 9.00e+02
54 9.00e+02
55 9.00e+02
56 9.00e+02
57 9.00e+02
58 9.00e+02
59 9.00e+02
60 9.00e+02
61 9.00e+02
62 9.00e+02
63 9.00e+02
64 9.00e+02
65 9.00e+02
66 9.00e+02
67 9.00e+02
68 9.00e+02
69 9.00e+02
70 9.00e+02
71 9.00e+02
72 9.00e+02
73 9.00e+02
74 9.00e+02
75 9.00e+02
76 9.00e+02
77 9.00e+02
78 9.00e+02
79 9.00e+02
80 9.00e+02
81 9.00e+02
82 9.00e+02
83 9.00e+02
84 9.00e+02
85 9.00e+02
86 9.00e+02
87 9.00e+02
88 9.00e+02
89 9.00e+02
90 9.00e+02
91 9.00e+02
92 9.00e+02
93 9.00e+02
94 9.00e+02
95 9.00e+02
96 9.00e+02
97 9.00e+02
98 9.00e+02
99 9.00e+02
100 9.00e+02
101 9.00e+02
102 9.00e+02
103 9.00e+02
104 9.00e+02
105 9.00e+02
106 9.00e+02
107 9.00e+02
108 9.00e+02
109 9.00e+02
110 9.00e+02
111 9.00e+02
112 9.00e+02
113 9.00e+02
114 9.00e+02
115 9.00e+02
116 9.00e+02
117 9.00e+02
118 9.00e+02
119 9.00e+02
120 9.00e+02
121 9.00e+02
122 9.00e+02
123 9.00e+02
124 9.00e+02
125 9.00e+02
126 9.00e+02
127 9.00e+02
128 9.00e+02
129 9.00e+02
130 9.00e+02
131 9.00e+02
132 9.00e+02
133 9.00e+02
134 9.00e+02
135 9.00e+02
136 9.00e+02
137 9.00e+02
138 9.00e+02
139 9.00e+02
140 9.00e+02
141 9.00e+02
142 9.00e+02
143 9.00e+02
144 9.00e+02
145 9.00e+02
146 9.00e+02
147 9.00e+02
148 9.00e+02
149 9.00e+02
150 9.00e+02
151 9.00e+02
152 9.00e+02
153 9.00e+02
154 9.00e+02
155 9.00e+02
156 9.00e+02
157 9.00e+02
158 9.00e+02
159 9.00e+02
160 9.00e+02
161 9.00e+02
162 9.00e+02
163 9.00e+02
164 9.00e+02
165 9.00e+02
166 9.00e+02
167 9.00e+02
168 9.00e+02
169 9.00e+02
170 9.00e+02
171 9.00e+02
172 9.00e+02
173 9.00e+02
174 9.00e+02
175 9.00e+02
176 9.00e+02
177 9.00e+02
178 9.00e+02
179 9.00e+02
180 9.00e+02
181 9.00e+02
182 9.00e+02
183 9.00e+02
184 9.00e+02
185 9.00e+02
186 9.00e+02
187 9.00e+02
188 9.00e+02
189 9.00e+02
190 9.00e+02
191 9.00e+02
192 9.00e+02
193 9.00e+02
194 9.00e+02
195 9.00e+02
196 9.00e+02
197 9.00e+02
198 9.00e+02
199 9.00e+02
200 9.00e+02
201 9.00e+02
202 9.00e+02
203 9.00e+02
204 9.00e+02
205 9.00e+02
206 9.00e+02
207 9.00e+02
208 9.00e+02
209 9.00e+02
210 9.00e+02
211 9.00e+02
212 9.00e+02
213 9.00e+02
214 9.00e+02
215 9.00e+02
216 9.00e+02
217 9.00e+02
218 9.00e+02
219 9.00e+02
220 9.00e+02
221 9.00e+02
222 9.00e+02
223 9.00e+02
224 9.00e+02
225 9.00e+02
226 9.00e+02
227 9.00e+02
228 9.00e+02
229 9.00e+02
230 9.00e+02
231 9.00e+02
232 9.00e+02
233 9.00e+02
234 9.00e+02
235 9.00e+02
236 9.00e+02
237 9.00e+02
238 9.00e+02
239 9.00e+02
240 9.00e+02
241 9.00e+02
242 9.00e+02
243 9.00e+02
244 9.00e+02
245 9.00e+02
246 9.00e+02
247 9.00e+02
248 9.00e+02
249 9.00e+02
250 9.00e+02
251 9.00e+02
252 9.00e+02
253 9.00e+02
254 9.00e+02
255 9.00e+02
256 9.00e+02
257 9.00e+02
258 9.00e+02
259 9.00e+02
260 9.00e+02
261 9.00e+02
262 9.00e+02
263 9.00e+02
264 9.00e+02
265 9.00e+02
266 9.00e+02
267 9.00e+02
268 9.00e+02
269 9.00e+02
270 9.00e+02
271 9.00e+02
272 9.00e+02
273 9.00e+02
274 9.00e+02
275 9.00e+02
276 9.00e+02
277 9.00e+02
278 9.00e+02
279 9.00e+02
280 9.00e+02
281 9.00e+02
282 9.00e+02
283 9.00e+02
284 9.00e+02
285 9.00e+02
286 9.00e+02
287 9.00e+02
288 9.00e+02
289 9.00e+02
290 9.00e+02
291 9.00e+02
292 9.00e+02
293 9.00e+02
294 9.00e+02
295 9.00e+02
296 9.00e+02
297 9.00e+02
298 9.00e+02
299 9.00e+02
300 9.00e+02
301 9.00e+02
302 9.00e+02
303 9.00e+02
304 9.00e+02
305 9.00e+02
306 9.00e+02
307 9.00e+02
308 9.00e+02
309 9.00e+02
310 9.00e+02
311 9.00e+02
312 9.00e+02
313 9.00e+02
314 9.00e+02
315 9.00e+02
316 9.00e+02
317 9.00e+02
318 9.00e+02
319 9.00e+02
320 9.00e+02
321 9.00e+02
322 9.00e+02
323 9.00e+02
324 9.00e+02
325 9.00e+02
326 9.00e+02
327 9.00e+02
328 9.00e+02
329 9.00e+02
330 9.00e+02
331 9.00e+02
332 9.00e+02
333 9.00e+02
334 9.00e+02
335 9.00e+02
336 9.00e+02
337 9.00e+02
338 9.00e+02
339 9.00e+02
340 9.00e+02
341 9.00e+02
342 9.00e+02
343 9.00e+02
344 9.00e+02
345 9.00e+02
346 9.00e+02
347 9.00e+02
348 9.00e+02
349 9.00e+02
350 9.00e+02
351 9.00e+02
352 9.00e+02
353 9.00e+02
354 9.00e+02
355 9.00e+02
356 9.00e+02
357 9.00e+02
358 9.00e+02
359 9.00e+02
360 9.00e+02
361 9.00e+02
362 9.00e+02
363 9.00e+02
364 9.00e+02
365 9.00e+02
366 9.00e+02
367 9.00e+02
368 9.00e+02
369 9.00e+02
370 9.00e+02
371 9.00e+02
372 9.00e+02
373 9.00e+02
374 9.00e+02
375 9.00e+02
376 9.00e+02
377 9.00e+02
378 9.00e+02
379 9.00e+02
380 9.00e+02
381 9.00e+02
382 9.00e+02
383 9.00e+02
384 9.00e+02
385 9.00e+02
386 9.00e+02
387 9.00e+02
388 9.00e+02
389 9.00e+02
390 9.00e+02
391 9.00e+02
392 9.00e+02
393 9.00e+02
394 9.00e+02
395 9.00e+02
396 9.00e+02
397 9.00e+02
398 9.00e+02
399 9.00e+02
400 9.00e+02
401 9.00e+02
402 9.00e+02
403 9.00e+02
404 9.00e+02
405 9.00e+02
406 9.00e+02
407 9.00e+02
408 9.00e+02
409 9.00e+02
410 9.00e+02
411 9.00e+02
412 9.00e+02
413 9.00e+02
414 9.00e+02
415 9.00e+02
416 9.00e+02
417 9.00e+02
418 9.00e+02
419 9.00e+02
420 9.00e+02
421 9.00e+02
422 9.00e+02
423 9.00e+02
424 9.00e+02
425 9.00e+02
426 9.00e+02
427 9.00e+02
428 9.00e+02
429 9.00e+02
430 9.00e+02
431 9.00e+02
432 9.00e+02
433 9.00e+02
434 9.00e+02
435 9.00e+02
436 9.00e+02
437 9.00e+02
438 9.00e+02
439 9.00e+02
440 9.00e+02
441 9.00e+02
442 9.00e+02
443 9.00e+02
444 9.00e+02
445 9.00e+02
446 9.00e+02
447 9.00e+02
448 9.00e+02
449 9.00e+02
450 9.00e+02
451 9.00e+02
452 9.00e+02
453 9.00e+02
454 9.00e+02
455 9.00e+02
456 9.00e+02
457 9.00e+02
458 9.00e+02
459 9.00e+02
460 9.00e+02
461 9.00e+02
462 9.00e+02
463 9.00e+02
464 9.00e+02
465 9.01e+02
466 9.01e+02
467 9.01e+02
468 9.01e+02
469 9.01e+02
470 9.01e+02
471 9.01e+02
472 9.01e+02
473 9.01e+02
474 9.01e+02
475 9.01e+02
476 9.01e+02
477 9.01e+02
478 9.01e+02
479 9.01e+02
480 9.01e+02
481 9.01e+02
482 9.01e+02
483 9.01e+02
484 9.01e+02
485 9.01e+02
486 9.01e+02
487 9.01e+02
488 9.01e+02
489 9.01e+02
490 9.01e+02
491 9.01e+02
492 9.01e+02
493 9.01e+02
494 9.01e+02
495 9.01e+02
496 9.01e+02
497 9.01e+02
498 9.01e+02
499 9.01e+02
500 9.01e+02
501 9.01e+02
502 9.01e+02
503 9.01e+02
504 9.01e+02
505 9.01e+02
506 9.01e+02
507 9.01e+02
508 9.01e+02
509 9.01e+02
510 9.01e+02
511 9.01e+02
512 9.01e+02
513 9.01e+02
514 9.01e+02
515 9.01e+02
516 9.01e+02
517 9.01e+02
518 9.01e+02
519 9.01e+02
520 9.01e+02
521 9.01e+02
522 9.01e+02
523 9.01e+02
524 9.01e+02
525 9.01e+02
526 9.01e+02
527 9.01e+02
528 9.01e+02
529 9.01e+02
530 9.01e+02
531 9.01e+02
532 9.01e+02
533 9.01e+02
534 9.01e+02
535 9.01e+02
536 9.01e+02
537 9.01e+02
538 9.01e+02
539 9.01e+02
540 9.01e+02
541 9.01e+02
542 9.01e+02
543 9.01e+02
544 9.01e+02
545 9.01e+02
546 9.01e+02
547 9.01e+02
548 9.01e+02
549 9.01e+02
550 9.01e+02
551 9.01e+02
552 9.01e+02
553 9.01e+02
554 9.01e+02
555 9.01e+02
556 9.01e+02
557 9.01e+02
558 9.01e+02
559 9.01e+02
560 9.01e+02
561 9.01e+02
562 9.01e+02
563 9.01e+02
564 9.01e+02
565 9.01e+02
566 9.01e+02
567 9.01e+02
568 9.01e+02
569 9.01e+02
570 9.01e+02
571 9.01e+02
572 9.01e+02
573 9.01e+02
574 9.01e+02
575 9.01e+02
576 9.01e+02
577 9.01e+02
578 9.01e+02
579 9.01e+02
580 9.01e+02
581 9.01e+02
582 9.01e+02
583 9.01e+02
584 9.01e+02
585 9.01e+02
586 9.01e+02
587 9.01e+02
588 9.01e+02
589 9.01e+02
590 9.01e+02
591 9.01e+02
592 9.01e+02
593 9.01e+02
594 9.01e+02
595 9.01e+02
596 9.01e+02
597 9.01e+02
598 9.01e+02
599 9.01e+02
600 9.01e+02
601 9.01e+02
602 9.01e+02
603 9.01e+02
604 9.01e+02
605 9.01e+02
606 9.01e+02
607 9.01e+02
608 9.01e+02
609 9.01e+02
610 9.01e+02
611 9.01e+02
612 9.01e+02
613 9.01e+02
614 9.01e+02
615 9.01e+02
616 9.01e+02
617 9.01e+02
618 9.01e+02
619 9.01e+02
620 9.01e+02
621 9.01e+02
622 9.01e+02
623 9.01e+02
624 9.01e+02
625 9.01e+02
626 9.01e+02
627 9.01e+02
628 9.01e+02
629 9.01e+02
630 9.01e+02
631 9.01e+02
632 9.01e+02
633 9.01e+02
634 9.01e+02
635 9.01e+02
636 9.01e+02
637 9.01e+02
638 9.01e+02
639 9.01e+02
640 9.01e+02
641 9.01e+02
642 9.01e+02
643 9.01e+02
644 9.01e+02
645 9.01e+02
646 9.01e+02
647 9.01e+02
648 9.01e+02
649 9.01e+02
650 9.01e+02
651 9.01e+02
652 9.01e+02
653 9.01e+02
654 9.01e+02
655 9.01e+02
656 9.01e+02
657 9.01e+02
658 9.01e+02
659 9.01e+02
660 9.01e+02
661 9.01e+02
662 9.01e+02
663 9.01e+02
664 9.01e+02
665 9.01e+02
666 9.01e+02
667 9.01e+02
668 9.01e+02
669 9.01e+02
670 9.01e+02
671 9.01e+02
672 9.01e+02
673 9.01e+02
674 9.01e+02
675 9.01e+02
676 9.01e+02
677 9.01e+02
678 9.01e+02
679 9.01e+02
680 9.01e+02
681 9.01e+02
682 9.01e+02
683 9.01e+02
684 9.01e+02
685 9.01e+02
686 9.01e+02
687 9.01e+02
688 9.01e+02
689 9.01e+02
690 9.01e+02
691 9.01e+02
692 9.01e+02
693 9.01e+02
694 9.01e+02
695 9.01e+02
696 9.01e+02
697 9.01e+02
698 9.01e+02
699 9.01e+02
700 9.01e+02
701 9.01e+02
702 9.01e+02
703 9.01e+02
704 9.01e+02
705 9.01e+02
706 9.01e+02
707 9.01e+02
708 9.01e+02
709 9.01e+02
710 9.01e+02
711 9.01e+02
712 9.01e+02
713 9.01e+02
714 9.01e+02
715 9.01e+02
716 9.01e+02
717 9.01e+02
718 9.01e+02
719 9.01e+02
720 9.01e+02
721 9.01e+02
722 9.01e+02
723 9.01e+02
724 9.01e+02
725 9.01e+02
726 9.01e+02
727 9.01e+02
728 9.01e+02
729 9.01e+02
730 9.01e+02
731 9.01e+02
732 9.01e+02
733 9.01e+02
734 9.01e+02
735 9.01e+02
736 9.01e+02
737 9.01e+02
738 9.01e+02
739 9.01e+02
740 9.01e+02
741 9.01e+02
742 9.01e+02
743 9.01e+02
744 9.01e+02
745 9.01e+02
746 9.01e+02
747 9.01e+02
748 9.01e+02
749 9.01e+02
750 9.01e+02
751 9.01e+02
752 9.01e+02
753 9.01e+02
754 9.01e+02
755 9.01e+02
756 9.01e+02
757 9.01e+02
758 9.01e+02
759 9.01e+02
760 9.01e+02
761 9.01e+02
762 9.01e+02
763 9.01e+02
764 9.01e+02
765 9.01e+02
766 9.01e+02
767 9.01e+02
768 9.01e+02
769 9.01e+02
770 9.01e+02
771 9.01e+02
772 9.01e+02
773 9.01e+02
774 9.01e+02
775 9.01e+02
776 9.01e+02
777 9.01e+02
778 9.01e+02
779 9.01e+02
780 9.01e+02
781 9.01e+02
782 9.01e+02
783 9.01e+02
784 9.01e+02
785 9.01e+02
786 9.01e+02
787 9.01e+02
788 9.01e+02
789 9.01e+02
790 9.01e+02
791 9.01e+02
792 9.01e+02
793 9.01e+02
794 9.01e+02
795 9.01e+02
796 9.01e+02
797 9.01e+02
798 9.01e+02
799 9.01e+02
800 9.01e+02
801 9.01e+02
802 9.01e+02
803 9.01e+02
804 9.01e+02
805 9.01e+02
806 9.01e+02
807 9.01e+02
808 9.01e+02
809 9.01e+02
810 9.01e+02
811 9.01e+02
812 9.01e+02
813 9.01e+02
814 9.01e+02
815 9.01e+02
816 9.01e+02
817 9.01e+02
818 9.01e+02
819 9.01e+02
820 9.01e+02
821 9.01e+02
822 9.01e+02
823 9.01e+02
824 9.01e+02
825 9.01e+02
826 9.01e+02
827 9.01e+02
828 9.01e+02
829 9.01e+02
830 9.01e+02
831 9.01e+02
832 9.01e+02
833 9.01e+02
834 9.01e+02
835 9.01e+02
836 9.01e+02
837 9.01e+02
838 9.01e+02
839 9.01e+02
840 9.01e+02
841 9.01e+02
842 9.01e+02
843 9.01e+02
844 9.01e+02
845 9.01e+02
846 9.01e+02
847 9.01e+02
848 9.01e+02
849 9.01e+02
850 9.01e+02
851 9.01e+02
852 9.01e+02
853 9.01e+02
854 9.01e+02
855 9.01e+02
856 9.01e+02
857 9.01e+02
858 9.01e+02
859 9.01e+02
860 9.01e+02
861 9.01e+02
862 9.01e+02
863 9.01e+02
864 9.01e+02
865 9.01e+02
866 9.01e+02
867 9.01e+02
868 9.01e+02
869 9.01e+02
870 9.01e+02
871 9.01e+02
872 9.01e+02
873 9.01e+02
874 9.01e+02
875 9.01e+02
876 9.01e+02
877 9.01e+02
878 9.01e+02
879 9.01e+02
880 9.01e+02
881 9.01e+02
882 9.01e+02
883 9.01e+02
884 9.01e+02
885 9.01e+02
886 9.01e+02
887 9.01e+02
888 9.01e+02
889 9.01e+02
890 9.01e+02
891 9.01e+02
892 9.01e+02
893 9.01e+02
894 9.01e+02
895 9.01e+02
896 9.01e+02
897 9.01e+02
898 9.01e+02
899 9.01e+02
900 9.01e+02
901 9.01e+02
902 9.01e+02
903 9.01e+02
904 9.01e+02
905 9.01e+02
906 9.01e+02
907 9.01e+02
908 9.01e+02
909 9.01e+02
910 9.01e+02
911 9.01e+02
912 9.01e+02
913 9.01e+02
914 9.01e+02
915 9.01e+02
916 9.01e+02
917 9.01e+02
918 9.01e+02
919 9.01e+02
920 9.01e+02
921 9.01e+02
922 9.01e+02
923 9.01e+02
924 9.01e+02
925 9.01e+02
926 9.01e+02
927 9.01e+02
928 9.01e+02
929 9.01e+02
930 9.01e+02
931 9.01e+02
932 9.01e+02
933 9.01e+02
934 9.01e+02
935 9.01e+02
936 9.01e+02
937 9.01e+02
938 9.01e+02
939 9.01e+02
940 9.01e+02
941 9.01e+02
942 9.01e+02
943 9.01e+02
944 9.01e+02
945 9.01e+02
946 9.01e+02
947 9.01e+02
948 9.01e+02
949 9.01e+02
950 9.01e+02
951 9.01e+02
952 9.01e+02
953 9.01e+02
954 9.01e+02
955 9.01e+02
956 9.01e+02
957 9.01e+02
958 9.01e+02
959 9.01e+02
960 9.01e+02
961 9.01e+02
962 9.01e+02
963 9.01e+02
964 9.01e+02
965 9.01e+02
966 9.01e+02
967 9.01e+02
968 9.01e+02
969 9.01e+02
970 9.01e+02
971 9.01e+02
972 9.01e+02
973 9.01e+02
974 9.01e+02
975 9.01e+02
976 9.01e+02
977 9.01e+02
978 9.01e+02
979 9.01e+02
980 9.01e+02
981 9.01e+02
982 9.01e+02
983 9.01e+02
984 9.01e+02
985 9.01e+02
986 9.01e+02
987 9.01e+02
988 9.01e+02
989 9.01e+02
990 9.01e+02
991 9.01e+02
992 9.01e+02
993 9.01e+02
994 9.01e+02
995 9.01e+02
996 9.01e+02
997 9.01e+02
998 9.01e+02
999 9.01e+02
1000 9.01e+02
1001 9.01e+02
1002 9.01e+02
1003 9.01e+02
1004 9.01e+02
1005 9.01e+02
1006 9.01e+02
1007 9.01e+02
1008 9.01e+02
1009 9.01e+02
1010 9.01e+02
1011 9.01e+02
1012 9.01e+02
1013 9.01e+02
1014 9.01e+02
1015 9.01e+02
1016 9.01e+02
1017 9.01e+02
1018 9.01e+02
1019 9.01e+02
1020 9.01e+02
1021 9.01e+02
1022 9.01e+02
1023 9.01e+02
1024 9.01e+02
1025 9.01e+02
1026 9.01e+02
1027 9.01e+02
1028 9.01e+02
1029 9.01e+02
1030 9.01e+02
1031 9.01e+02
1032 9.01e+02
1033 9.01e+02
1034 9.01e+02
1035 9.01e+02
1036 9.01e+02
1037 9.01e+02
1038 9.01e+02
1039 9.01e+02
1040 9.01e+02
1041 9.01e+02
1042 9.01e+02
1043 9.01e+02
1044 9.01e+02
1045 9.01e+02
1046 9.01e+02
1047 9.01e+02
1048 9.01e+02
1049 9.01e+02
1050 9.01e+02
1051 9.01e+02
1052 9.01e+02
1053 9.01e+02
1054 9.01e+02
1055 9.01e+02
1056 9.01e+02
1057 9.01e+02
1058 9.01e+02
1059 9.01e+02
1060 9.01e+02
1061 9.01e+02
1062 9.01e+02
1063 9.01e+02
1064 9.01e+02
1065 9.01e+02
1066 9.01e+02
1067 9.01e+02
1068 9.01e+02
1069 9.01e+02
1070 9.01e+02
1071 9.01e+02
1072 9.01e+02
1073 9.01e+02
1074 9.01e+02
1075 9.01e+02
1076 9.01e+02
1077 9.01e+02
1078 9.01e+02
1079 9.01e+02
1080 9.01e+02
1081 9.01e+02
1082 9.01e+02
1083 9.01e+02
1084 9.01e+02
1085 9.01e+02
1086 9.01e+02
1087 9.01e+02
1088 9.01e+02
1089 9.01e+02
1090 9.01e+02
1091 9.01e+02
1092 9.01e+02
1093 9.01e+02
1094 9.01e+02
1095 9.01e+02
1096 9.01e+02
1097 9.01e+02
1098 9.01e+02
1099 9.01e+02
1100 9.01e+02
1101 9.01e+02
1102 9.01e+02
1103 9.01e+02
1104 9.01e+02
1105 9.01e+02
1106 9.01e+02
1107 9.01e+02
1108 9.01e+02
1109 9.01e+02
1110 9.01e+02
1111 9.01e+02
1112 9.01e+02
1113 9.01e+02
1114 9.01e+02
1115 9.01e+02
1116 9.01e+02
1117 9.01e+02
1118 9.01e+02
1119 9.01e+02
1120 9.01e+02
1121 9.01e+02
1122 9.01e+02
1123 9.01e+02
1124 9.01e+02
1125 9.01e+02
1126 9.01e+02
1127 9.01e+02
1128 9.01e+02
1129 9.01e+02
1130 9.01e+02
1131 9.01e+02
1132 9.01e+02
1133 9.01e+02
1134 9.01e+02
1135 9.01e+02
1136 9.01e+02
1137 9.01e+02
1138 9.01e+02
1139 9.01e+02
1140 9.01e+02
1141 9.01e+02
1142 9.01e+02
1143 9.01e+02
1144 9.01e+02
1145 9.01e+02
1146 9.01e+02
1147 9.01e+02
1148 9.01e+02
1149 9.01e+02
1150 9.01e+02
1151 9.01e+02
1152 9.01e+02
1153 9.01e+02
1154 9.01e+02
1155 9.01e+02
1156 9.01e+02
1157 9.01e+02
1158 9.01e+02
1159 9.01e+02
1160 9.01e+02
1161 9.01e+02
1162 9.01e+02
1163 9.01e+02
1164 9.01e+02
1165 9.01e+02
1166 9.01e+02
1167 9.01e+02
1168 9.01e+02
1169 9.01e+02
1170 9.01e+02
1171 9.01e+02
1172 9.01e+02
1173 9.01e+02
1174 9.01e+02
1175 9.01e+02
1176 9.01e+02
1177 9.01e+02
1178 9.01e+02
1179 9.01e+02
1180 9.01e+02
1181 9.01e+02
1182 9.01e+02
1183 9.01e+02
1184 9.01e+02
1185 9.01e+02
1186 9.01e+02
1187 9.01e+02
1188 9.01e+02
1189 9.01e+02
1190 9.01e+02
1191 9.01e+02
1192 9.01e+02
1193 9.01e+02
1194 9.01e+02
1195 9.01e+02
1196 9.01e+02
1197 9.01e+02
1198 9.01e+02
1199 9.01e+02
1200 9.01e+02
1201 9.01e+02
1202 9.01e+02
1203 9.01e+02
1204 9.01e+02
1205 9.01e+02
1206 9.01e+02
1207 9.01e+02
1208 9.01e+02
1209 9.01e+02
1210 9.01e+02
1211 9.01e+02
1212 9.01e+02
1213 9.01e+02
1214 9.01e+02
1215 9.01e+02
1216 9.01e+02
1217 9.01e+02
1218 9.01e+02
1219 9.01e+02
1220 9.01e+02
1221 9.01e+02
1222 9.01e+02
1223 9.01e+02
1224 9.01e+02
1225 9.01e+02
1226 9.01e+02
1227 9.01e+02
1228 9.01e+02
1229 9.01e+02
1230 9.01e+02
1231 9.01e+02
1232 9.01e+02
1233 9.01e+02
1234 9.01e+02
1235 9.01e+02
1236 9.01e+02
1237 9.01e+02
1238 9.01e+02
1239 9.01e+02
1240 9.01e+02
1241 9.01e+02
1242 9.01e+02
1243 9.01e+02
1244 9.01e+02
1245 9.01e+02
1246 9.01e+02
1247 9.01e+02
1248 9.01e+02
1249 9.01e+02
1250 9.01e+02
1251 9.01e+02
1252 9.01e+02
1253 9.01e+02
1254 9.01e+02
1255 9.01e+02
1256 9.01e+02
1257 9.01e+02
1258 9.01e+02
1259 9.01e+02
1260 9.01e+02
1261 9.01e+02
1262 9.01e+02
1263 9.01e+02
1264 9.01e+02
1265 9.01e+02
1266 9.01e+02
1267 9.01e+02
1268 9.01e+02
1269 9.01e+02
1270 9.01e+02
1271 9.01e+02
1272 9.01e+02
1273 9.01e+02
1274 9.01e+02
1275 9.01e+02
1276 9.01e+02
1277 9.01e+02
1278 9.01e+02
1279 9.01e+02
1280 9.01e+02
1281 9.01e+02
1282 9.01e+02
1283 9.01e+02
1284 9.01e+02
1285 9.01e+02
1286 9.01e+02
1287 9.01e+02
1288 9.01e+02
1289 9.01e+02
1290 9.01e+02
1291 9.01e+02
1292 9.01e+02
1293 9.01e+02
1294 9.01e+02
1295 9.01e+02
1296 9.01e+02
1297 9.01e+02
1298 9.01e+02
1299 9.01e+02
1300 9.01e+02
1301 9.01e+02
1302 9.01e+02
1303 9.01e+02
1304 9.01e+02
1305 9.01e+02
1306 9.01e+02
1307 9.01e+02
1308 9.01e+02
1309 9.01e+02
1310 9.01e+02
1311 9.01e+02
1312 9.01e+02
1313 9.01e+02
1314 9.01e+02
1315 9.01e+02
1316 9.01e+02
1317 9.01e+02
1318 9.01e+02
1319 9.01e+02
1320 9.01e+02
1321 9.01e+02
1322 9.01e+02
1323 9.01e+02
1324 9.01e+02
1325 9.01e+02
1326 9.01e+02
1327 9.01e+02
1328 9.01e+02
1329 9.01e+02
1330 9.01e+02
1331 9.01e+02
1332 9.01e+02
1333 9.01e+02
1334 9.01e+02
1335 9.01e+02
1336 9.01e+02
1337 9.01e+02
1338 9.01e+02
1339 9.01e+02
1340 9.01e+02
1341 9.01e+02
1342 9.01e+02
1343 9.01e+02
1344 9.01e+02
1345 9.01e+02
1346 9.01e+02
1347 9.01e+02
1348 9.01e+02
1349 9.01e+02
1350 9.01e+02
1351 9.01e+02
1352 9.01e+02
1353 9.01e+02
1354 9.01e+02
1355 9.01e+02
1356 9.01e+02
1357 9.01e+02
1358 9.01e+02
1359 9.01e+02
1360 9.01e+02
1361 9.01e+02
1362 9.01e+02
1363 9.01e+02
1364 9.01e+02
1365 9.01e+02
1366 9.01e+02
1367 9.01e+02
1368 9.01e+02
1369 9.01e+02
1370 9.01e+02
1371 9.01e+02
1372 9.01e+02
1373 9.01e+02
1374 9.01e+02
1375 9.01e+02
1376 9.01e+02
1377 9.01e+02
1378 9.01e+02
1379 9.01e+02
1380 9.01e+02
1381 9.01e+02
1382 9.01e+02
1383 9.01e+02
1384 9.01e+02
1385 9.01e+02
1386 9.01e+02
1387 9.01e+02
1388 9.01e+02
1389 9.01e+02
1390 9.01e+02
1391 9.01e+02
1392 9.01e+02
1393 9.01e+02
1394 9.01e+02
1395 9.01e+02
1396 9.01e+02
1397 9.01e+02
1398 9.01e+02
1399 9.01e+02
1400 9.01e+02
1401 9.01e+02
1402 9.01e+02
1403 9.01e+02
1404 9.01e+02
1405 9.01e+02
1406 9.01e+02
1407 9.01e+02
1408 9.01e+02
1409 9.01e+02
1410 9.01e+02
1411 9.01e+02
1412 9.01e+02
1413 9.01e+02
1414 9.01e+02
1415 9.01e+02
1416 9.01e+02
1417 9.01e+02
1418 9.01e+02
1419 9.01e+02
1420 9.01e+02
1421 9.01e+02
1422 9.01e+02
1423 9.01e+02
1424 9.01e+02
1425 9.01e+02
1426 9.01e+02
1427 9.01e+02
1428 9.01e+02
1429 9.01e+02
1430 9.01e+02
1431 9.01e+02
1432 9.01e+02
1433 9.01e+02
1434 9.01e+02
1435 9.01e+02
1436 9.01e+02
1437 9.01e+02
1438 9.01e+02
1439 9.01e+02
1440 9.01e+02
1441 9.01e+02
1442 9.01e+02
1443 9.01e+02
1444 9.01e+02
1445 9.01e+02
1446 9.01e+02
1447 9.01e+02
1448 9.01e+02
1449 9.01e+02
1450 9.01e+02
1451 9.01e+02
1452 9.01e+02
1453 9.01e+02
1454 9.01e+02
1455 9.01e+02
1456 9.01e+02
1457 9.01e+02
1458 9.01e+02
1459 9.01e+02
1460 9.01e+02
1461 9.01e+02
1462 9.01e+02
1463 9.01e+02
1464 9.01e+02
1465 9.01e+02
1466 9.01e+02
1467 9.01e+02
1468 9.01e+02
1469 9.01e+02
1470 9.01e+02
1471 9.01e+02
1472 9.01e+02
1473 9.01e+02
1474 9.01e+02
1475 9.01e+02
1476 9.01e+02
1477 9.01e+02
1478 9.01e+02
1479 9.01e+02
1480 9.01e+02
1481 9.01e+02
1482 9.01e+02
1483 9.01e+02
1484 9.01e+02
1485 9.01e+02
1486 9.01e+02
1487 9.01e+02
1488 9.01e+02
1489 9.01e+02
1490 9.01e+02
1491 9.01e+02
1492 9.01e+02
1493 9.01e+02
1494 9.01e+02
1495 9.01e+02
1496 9.01e+02
1497 9.01e+02
1498 9.01e+02
1499 9.01e+02
1500 9.01e+02
1501 9.01e+02
1502 9.01e+02
1503 9.01e+02
1504 9.01e+02
1505 9.01e+02
1506 9.01e+02
1507 9.01e+02
1508 9.01e+02
1509 9.01e+02
1510 9.01e+02
1511 9.01e+02
1512 9.01e+02
1513 9.01e+02
1514 9.01e+02
1515 9.01e+02
1516 9.01e+02
1517 9.01e+02
1518 9.01e+02
1519 9.01e+02
1520 9.01e+02
1521 9.01e+02
1522 9.01e+02
1523 9.01e+02
1524 9.01e+02
1525 9.01e+02
1526 9.01e+02
1527 9.01e+02
1528 9.01e+02
1529 9.01e+02
1530 9.01e+02
1531 9.01e+02
1532 9.01e+02
1533 9.01e+02
1534 9.01e+02
1535 9.01e+02
1536 9.01e+02
1537 9.01e+02
1538 9.01e+02
1539 9.01e+02
1540 9.01e+02
1541 9.01e+02
1542 9.01e+02
1543 9.01e+02
1544 9.01e+02
1545 9.01e+02
1546 9.01e+02
1547 9.01e+02
1548 9.01e+02
1549 9.01e+02
1550 9.01e+02
1551 9.01e+02
1552 9.01e+02
1553 9.01e+02
1554 9.01e+02
1555 9.01e+02
1556 9.01e+02
1557 9.01e+02
1558 9.01e+02
1559 9.01e+02
1560 9.01e+02
1561 9.01e+02
1562 9.01e+02
1563 9.01e+02
1564 9.01e+02
1565 9.01e+02
1566 9.01e+02
1567 9.01e+02
1568 9.01e+02
1569 9.01e+02
1570 9.01e+02
1571 9.02e+02
1572 9.02e+02
1573 9.02e+02
1574 9.02e+02
1575 9.02e+02
1576 9.02e+02
1577 9.02e+02
1578 9.02e+02
1579 9.02e+02
1580 9.02e+02
1581 9.02e+02
1582 9.02e+02
1583 9.02e+02
1584 9.02e+02
1585 9.02e+02
1586 9.02e+02
1587 9.02e+02
1588 9.02e+02
1589 9.02e+02
1590 9.02e+02
1591 9.02e+02
1592 9.02e+02
1593 9.02e+02
1594 9.02e+02
1595 9.02e+02
1596 9.02e+02
1597 9.02e+02
1598 9.02e+02
1599 9.02e+02
1600 9.02e+02
1601 9.02e+02
1602 9.02e+02
1603 9.02e+02
1604 9.02e+02
1605 9.02e+02
1606 9.02e+02
1607 9.02e+02
1608 9.02e+02
1609 9.02e+02
1610 9.02e+02
1611 9.02e+02
1612 9.02e+02
1613 9.02e+02
1614 9.02e+02
1615 9.02e+02
1616 9.02e+02
1617 9.02e+02
1618 9.02e+02
1619 9.02e+02
1620 9.02e+02
1621 9.02e+02
1622 9.02e+02
1623 9.02e+02
1624 9.02e+02
1625 9.02e+02
1626 9.02e+02
1627 9.02e+02
1628 9.02e+02
1629 9.02e+02
1630 9.02e+02
1631 9.02e+02
1632 9.02e+02
1633 9.02e+02
1634 9.02e+02
1635 9.02e+02
1636 9.02e+02
1637 9.02e+02
1638 9.02e+02
1639 9.02e+02
1640 9.02e+02
1641 9.02e+02
1642 9.02e+02
1643 9.02e+02
1644 9.02e+02
1645 9.02e+02
1646 9.02e+02
1647 9.02e+02
1648 9.02e+02
1649 9.02e+02
1650 9.02e+02
1651 9.02e+02
1652 9.02e+02
1653 9.02e+02
1654 9.02e+02
1655 9.02e+02
1656 9.02e+02
1657 9.02e+02
1658 9.02e+02
1659 9.02e+02
1660 9.02e+02
1661 9.02e+02
1662 9.02e+02
1663 9.02e+02
1664 9.02e+02
1665 9.02e+02
1666 9.02e+02
1667 9.02e+02
1668 9.02e+02
1669 9.02e+02
1670 9.02e+02
1671 9.02e+02
1672 9.02e+02
1673 9.02e+02
1674 9.02e+02
1675 9.02e+02
1676 9.02e+02
1677 9.02e+02
1678 9.02e+02
1679 9.02e+02
1680 9.02e+02
1681 9.02e+02
1682 9.02e+02
1683 9.02e+02
1684 9.02e+02
1685 9.02e+02
1686 9.02e+02
1687 9.02e+02
1688 9.02e+02
1689 9.02e+02
1690 9.02e+02
1691 9.02e+02
1692 9.02e+02
1693 9.02e+02
1694 9.02e+02
1695 9.02e+02
1696 9.02e+02
1697 9.02e+02
1698 9.02e+02
1699 9.02e+02
1700 9.02e+02
1701 9.02e+02
1702 9.02e+02
1703 9.02e+02
1704 9.02e+02
1705 9.02e+02
1706 9.02e+02
1707 9.02e+02
1708 9.02e+02
1709 9.02e+02
1710 9.02e+02
1711 9.02e+02
1712 9.02e+02
1713 9.02e+02
1714 9.02e+02
1715 9.02e+02
1716 9.02e+02
1717 9.02e+02
1718 9.02e+02
1719 9.02e+02
1720 9.02e+02
1721 9.02e+02
1722 9.02e+02
1723 9.02e+02
1724 9.02e+02
1725 9.02e+02
1726 9.02e+02
1727 9.02e+02
1728 9.02e+02
1729 9.02e+02
1730 9.02e+02
1731 9.02e+02
1732 9.02e+02
1733 9.02e+02
1734 9.02e+02
1735 9.02e+02
1736 9.02e+02
1737 9.02e+02
1738 9.02e+02
1739 9.02e+02
1740 9.02e+02
1741 9.02e+02
1742 9.02e+02
1743 9.02e+02
1744 9.02e+02
1745 9.02e+02
1746 9.02e+02
1747 9.02e+02
1748 9.02e+02
1749 9.02e+02
1750 9.02e+02
1751 9.02e+02
1752 9.02e+02
1753 9.02e+02
1754 9.02e+02
1755 9.02e+02
1756 9.02e+02
1757 9.02e+02
1758 9.02e+02
1759 9.02e+02
1760 9.02e+02
1761 9.02e+02
1762 9.02e+02
1763 9.02e+02
1764 9.02e+02
1765 9.02e+02
1766 9.02e+02
1767 9.02e+02
1768 9.02e+02
1769 9.02e+02
1770 9.02e+02
1771 9.02e+02
1772 9.02e+02
1773 9.02e+02
1774 9.02e+02
1775 9.02e+02
1776 9.02e+02
1777 9.02e+02
1778 9.02e+02
1779 9.02e+02
1780 9.02e+02
1781 9.02e+02
1782 9.02e+02
1783 9.02e+02
1784 9.02e+02
1785 9.02e+02
1786 9.02e+02
1787 9.02e+02
1788 9.02e+02
1789 9.02e+02
1790 9.02e+02
1791 9.02e+02
1792 9.02e+02
1793 9.02e+02
1794 9.02e+02
1795 9.02e+02
1796 9.02e+02
1797 9.02e+02
1798 9.02e+02
1799 9.02e+02
1800 9.02e+02
1801 9.02e+02
1802 9.02e+02
1803 9.02e+02
1804 9.02e+02
1805 9.02e+02
1806 9.02e+02
1807 9.02e+02
1808 9.02e+02
1809 9.02e+02
1810 9.02e+02
1811 9.02e+02
1812 9.02e+02
1813 9.02e+02
1814 9.02e+02
1815 9.02e+02
1816 9.02e+02
1817 9.02e+02
1818 9.02e+02
1819 9.02e+02
1820 9.02e+02
1821 9.02e+02
1822 9.02e+02
1823 9.02e+02
1824 9.02e+02
1825 9.02e+02
1826 9.02e+02
1827 9.02e+02
1828 9.02e+02
1829 9.02e+02
1830 9.02e+02
1831 9.02e+02
1832 9.02e+02
1833 9.02e+02
1834 9.02e+02
1835 9.02e+02
1836 9.02e+02
1837 9.02e+02
1838 9.02e+02
1839 9.02e+02
1840 9.02e+02
1841 9.02e+02
1842 9.02e+02
1843 9.02e+02
1844 9.02e+02
1845 9.02e+02
1846 9.02e+02
1847 9.02e+02
1848 9.02e+02
1849 9.02e+02
1850 9.02e+02
1851 9.02e+02
1852 9.02e+02
1853 9.02e+02
1854 9.02e+02
1855 9.02e+02
1856 9.02e+02
1857 9.02e+02
1858 9.02e+02
1859 9.02e+02
1860 9.02e+02
1861 9.02e+02
1862 9.02e+02
1863 9.02e+02
1864 9.02e+02
1865 9.02e+02
1866 9.02e+02
1867 9.02e+02
1868 9.02e+02
1869 9.02e+02
1870 9.02e+02
1871 9.02e+02
1872 9.02e+02
1873 9.02e+02
1874 9.02e+02
1875 9.02e+02
1876 9.02e+02
1877 9.02e+02
1878 9.02e+02
1879 9.02e+02
1880 9.02e+02
1881 9.02e+02
1882 9.02e+02
1883 9.02e+02
1884 9.02e+02
1885 9.02e+02
1886 9.02e+02
1887 9.02e+02
1888 9.02e+02
1889 9.02e+02
1890 9.02e+02
1891 9.02e+02
1892 9.02e+02
1893 9.02e+02
1894 9.02e+02
1895 9.02e+02
1896 9.02e+02
1897 9.02e+02
1898 9.02e+02
1899 9.02e+02
1900 9.02e+02
1901 9.02e+02
1902 9.02e+02
1903 9.02e+02
1904 9.02e+02
1905 9.02e+02
1906 9.02e+02
1907 9.02e+02
1908 9.02e+02
1909 9.02e+02
1910 9.02e+02
1911 9.02e+02
1912 9.02e+02
1913 9.02e+02
1914 9.02e+02
1915 9.02e+02
1916 9.02e+02
1917 9.02e+02
1918 9.02e+02
1919 9.02e+02
1920 9.02e+02
1921 9.02e+02
1922 9.02e+02
1923 9.02e+02
1924 9.02e+02
1925 9.02e+02
1926 9.02e+02
1927 9.02e+02
1928 9.02e+02
1929 9.02e+02
1930 9.02e+02
1931 9.02e+02
1932 9.02e+02
1933 9.02e+02
1934 9.02e+02
1935 9.02e+02
1936 9.02e+02
1937 9.02e+02
1938 9.02e+02
1939 9.02e+02
1940 9.02e+02
1941 9.02e+02
1942 9.02e+02
1943 9.02e+02
1944 9.02e+02
1945 9.02e+02
1946 9.02e+02
1947 9.02e+02
1948 9.02e+02
1949 9.02e+02
1950 9.02e+02
1951 9.02e+02
1952 9.02e+02
1953 9.02e+02
1954 9.02e+02
1955 9.02e+02
1956 9.02e+02
1957 9.02e+02
1958 9.02e+02
1959 9.02e+02
1960 9.02e+02
1961 9.02e+02
1962 9.02e+02
1963 9.02e+02
1964 9.02e+02
1965 9.02e+02
1966 9.02e+02
1967 9.02e+02
1968 9.02e+02
1969 9.02e+02
1970 9.02e+02
1971 9.02e+02
1972 9.02e+02
1973 9.02e+02
1974 9.02e+02
1975 9.02e+02
1976 9.02e+02
1977 9.02e+02
1978 9.02e+02
1979 9.02e+02
1980 9.02e+02
1981 9.02e+02
1982 9.02e+02
1983 9.02e+02
1984 9.02e+02
1985 9.02e+02
1986 9.02e+02
1987 9.02e+02
1988 9.02e+02
1989 9.02e+02
1990 9.02e+02
1991 9.02e+02
1992 9.02e+02
1993 9.02e+02
1994 9.02e+02
1995 9.02e+02
1996 9.02e+02
1997 9.02e+02
1998 9.02e+02
1999 9.02e+02
2000 9.02e+02
2001 9.02e+02
2002 9.02e+02
2003 9.02e+02
2004 9.02e+02
2005 9.02e+02
2006 9.02e+02
2007 9.02e+02
2008 9.02e+02
2009 9.02e+02
2010 9.02e+02
2011 9.02e+02
2012 9.02e+02
2013 9.02e+02
2014 9.02e+02
2015 9.02e+02
2016 9.02e+02
2017 9.02e+02
2018 9.02e+02
2019 9.02e+02
2020 9.02e+02
2021 9.02e+02
2022 9.02e+02
2023 9.02e+02
2024 9.02e+02
2025 9.02e+02
2026 9.02e+02
2027 9.02e+02
2028 9.02e+02
2029 9.02e+02
2030 9.02e+02
2031 9.02e+02
2032 9.02e+02
2033 9.02e+02
2034 9.02e+02
2035 9.02e+02
2036 9.02e+02
2037 9.02e+02
2038 9.02e+02
2039 9.02e+02
2040 9.02e+02
2041 9.02e+02
2042 9.02e+02
2043 9.02e+02
2044 9.02e+02
2045 9.02e+02
2046 9.02e+02
2047 9.02e+02
2048 9.02e+02
2049 9.02e+02
2050 9.02e+02
2051 9.02e+02
2052 9.02e+02
2053 9.02e+02
2054 9.02e+02
2055 9.02e+02
2056 9.02e+02
2057 9.02e+02
2058 9.02e+02
2059 9.02e+02
2060 9.02e+02
2061 9.02e+02
2062 9.02e+02
2063 9.02e+02
2064 9.02e+02
2065 9.02e+02
2066 9.02e+02
2067 9.02e+02
2068 9.02e+02
2069 9.02e+02
2070 9.02e+02
2071 9.02e+02
2072 9.02e+02
2073 9.02e+02
2074 9.02e+02
2075 9.02e+02
2076 9.02e+02
2077 9.02e+02
2078 9.02e+02
2079 9.02e+02
2080 9.02e+02
2081 9.02e+02
2082 9.02e+02
2083 9.02e+02
2084 9.02e+02
2085 9.02e+02
2086 9.02e+02
2087 9.02e+02
2088 9.02e+02
2089 9.02e+02
2090 9.02e+02
2091 9.02e+02
2092 9.02e+02
2093 9.02e+02
2094 9.02e+02
2095 9.02e+02
2096 9.02e+02
2097 9.02e+02
2098 9.02e+02
2099 9.02e+02
2100 9.02e+02
2101 9.02e+02
2102 9.02e+02
2103 9.02e+02
2104 9.02e+02
2105 9.02e+02
2106 9.02e+02
2107 9.02e+02
2108 9.02e+02
2109 9.02e+02
2110 9.02e+02
2111 9.02e+02
2112 9.02e+02
2113 9.02e+02
2114 9.02e+02
2115 9.02e+02
2116 9.02e+02
2117 9.02e+02
2118 9.02e+02
2119 9.02e+02
2120 9.02e+02
2121 9.02e+02
2122 9.02e+02
2123 9.02e+02
2124 9.02e+02
2125 9.02e+02
2126 9.02e+02
2127 9.02e+02
2128 9.02e+02
2129 9.02e+02
2130 9.02e+02
2131 9.02e+02
2132 9.02e+02
2133 9.02e+02
2134 9.02e+02
2135 9.02e+02
2136 9.02e+02
2137 9.02e+02
2138 9.02e+02
2139 9.02e+02
2140 9.02e+02
2141 9.02e+02
2142 9.02e+02
2143 9.02e+02
2144 9.02e+02
2145 9.02e+02
2146 9.02e+02
2147 9.02e+02
2148 9.02e+02
2149 9.02e+02
2150 9.02e+02
2151 9.02e+02
2152 9.02e+02
2153 9.02e+02
2154 9.02e+02
2155 9.02e+02
2156 9.02e+02
2157 9.02e+02
2158 9.02e+02
2159 9.02e+02
2160 9.02e+02
2161 9.02e+02
2162 9.02e+02
2163 9.02e+02
2164 9.02e+02
2165 9.02e+02
2166 9.02e+02
2167 9.02e+02
2168 9.02e+02
2169 9.02e+02
2170 9.02e+02
2171 9.02e+02
2172 9.02e+02
2173 9.02e+02
2174 9.02e+02
2175 9.02e+02
2176 9.02e+02
2177 9.02e+02
2178 9.02e+02
2179 9.02e+02
2180 9.02e+02
2181 9.02e+02
2182 9.02e+02
2183 9.02e+02
2184 9.02e+02
2185 9.02e+02
2186 9.02e+02
2187 9.02e+02
2188 9.02e+02
2189 9.02e+02
2190 9.02e+02
2191 9.02e+02
2192 9.02e+02
2193 9.02e+02
2194 9.02e+02
2195 9.02e+02
2196 9.02e+02
2197 9.02e+02
2198 9.02e+02
2199 9.02e+02
2200 9.02e+02
2201 9.02e+02
2202 9.02e+02
2203 9.02e+02
2204 9.02e+02
2205 9.02e+02
2206 9.02e+02
2207 9.02e+02
2208 9.02e+02
2209 9.02e+02
2210 9.02e+02
2211 9.02e+02
2212 9.02e+02
2213 9.02e+02
2214 9.02e+02
2215 9.02e+02
2216 9.02e+02
2217 9.02e+02
2218 9.02e+02
2219 9.02e+02
2220 9.02e+02
2221 9.02e+02
2222 9.02e+02
2223 9.02e+02
2224 9.02e+02
2225 9.02e+02
2226 9.02e+02
2227 9.02e+02
2228 9.02e+02
2229 9.02e+02
2230 9.02e+02
2231 9.02e+02
2232 9.02e+02
2233 9.02e+02
2234 9.02e+02
2235 9.02e+02
2236 9.02e+02
2237 9.02e+02
2238 9.02e+02
2239 9.02e+02
2240 9.02e+02
2241 9.02e+02
2242 9.02e+02
2243 9.02e+02
2244 9.02e+02
2245 9.02e+02
2246 9.02e+02
2247 9.02e+02
2248 9.02e+02
2249 9.02e+02
2250 9.02e+02
2251 9.02e+02
2252 9.02e+02
2253 9.02e+02
2254 9.02e+02
2255 9.02e+02
2256 9.02e+02
2257 9.02e+02
2258 9.02e+02
2259 9.02e+02
2260 9.02e+02
2261 9.02e+02
2262 9.02e+02
2263 9.02e+02
2264 9.02e+02
2265 9.02e+02
2266 9.02e+02
2267 9.02e+02
2268 9.02e+02
2269 9.02e+02
2270 9.02e+02
2271 9.02e+02
2272 9.02e+02
2273 9.02e+02
2274 9.02e+02
2275 9.02e+02
2276 9.02e+02
2277 9.02e+02
2278 9.02e+02
2279 9.02e+02
2280 9.02e+02
2281 9.02e+02
2282 9.02e+02
2283 9.02e+02
2284 9.02e+02
2285 9.02e+02
2286 9.02e+02
2287 9.02e+02
2288 9.02e+02
2289 9.02e+02
2290 9.02e+02
2291 9.02e+02
2292 9.02e+02
2293 9.02e+02
2294 9.02e+02
2295 9.02e+02
2296 9.02e+02
2297 9.02e+02
2298 9.02e+02
2299 9.02e+02
2300 9.02e+02
2301 9.02e+02
2302 9.02e+02
2303 9.02e+02
2304 9.02e+02
2305 9.02e+02
2306 9.02e+02
2307 9.02e+02
2308 9.02e+02
2309 9.02e+02
2310 9.02e+02
2311 9.02e+02
2312 9.02e+02
2313 9.02e+02
2314 9.02e+02
2315 9.02e+02
2316 9.02e+02
2317 9.02e+02
2318 9.02e+02
2319 9.02e+02
2320 9.02e+02
2321 9.02e+02
2322 9.02e+02
2323 9.02e+02
2324 9.02e+02
2325 9.02e+02
2326 9.02e+02
2327 9.02e+02
2328 9.02e+02
2329 9.02e+02
2330 9.02e+02
2331 9.02e+02
2332 9.02e+02
2333 9.02e+02
2334 9.02e+02
2335 9.02e+02
2336 9.02e+02
2337 9.02e+02
2338 9.02e+02
2339 9.02e+02
2340 9.02e+02
2341 9.02e+02
2342 9.02e+02
2343 9.02e+02
2344 9.02e+02
2345 9.02e+02
2346 9.02e+02
2347 9.02e+02
2348 9.02e+02
2349 9.02e+02
2350 9.02e+02
2351 9.02e+02
2352 9.02e+02
2353 9.02e+02
2354 9.02e+02
2355 9.02e+02
2356 9.02e+02
2357 9.02e+02
2358 9.02e+02
2359 9.02e+02
2360 9.02e+02
2361 9.02e+02
2362 9.02e+02
2363 9.02e+02
2364 9.02e+02
2365 9.02e+02
2366 9.02e+02
2367 9.02e+02
2368 9.02e+02
2369 9.02e+02
2370 9.02e+02
2371 9.02e+02
2372 9.02e+02
2373 9.02e+02
2374 9.02e+02
2375 9.02e+02
2376 9.02e+02
2377 9.02e+02
2378 9.02e+02
2379 9.02e+02
2380 9.02e+02
2381 9.02e+02
2382 9.02e+02
2383 9.02e+02
2384 9.02e+02
2385 9.02e+02
2386 9.02e+02
2387 9.02e+02
2388 9.02e+02
2389 9.02e+02
2390 9.02e+02
2391 9.02e+02
2392 9.02e+02
2393 9.02e+02
2394 9.02e+02
2395 9.02e+02
2396 9.02e+02
2397 9.02e+02
2398 9.02e+02
2399 9.02e+02
2400 9.02e+02
2401 9.02e+02
2402 9.02e+02
2403 9.02e+02
2404 9.02e+02
2405 9.02e+02
2406 9.02e+02
2407 9.02e+02
2408 9.02e+02
2409 9.02e+02
2410 9.02e+02
2411 9.02e+02
2412 9.02e+02
2413 9.02e+02
2414 9.02e+02
2415 9.02e+02
2416 9.02e+02
2417 9.02e+02
2418 9.02e+02
2419 9.02e+02
2420 9.02e+02
2421 9.02e+02
2422 9.02e+02
2423 9.02e+02
2424 9.02e+02
2425 9.02e+02
2426 9.02e+02
2427 9.02e+02
2428 9.02e+02
2429 9.02e+02
2430 9.02e+02
2431 9.02e+02
2432 9.02e+02
2433 9.02e+02
2434 9.02e+02
2435 9.02e+02
2436 9.02e+02
2437 9.02e+02
2438 9.02e+02
2439 9.02e+02
2440 9.02e+02
2441 9.02e+02
2442 9.02e+02
2443 9.02e+02
2444 9.02e+02
2445 9.02e+02
2446 9.02e+02
2447 9.02e+02
2448 9.02e+02
2449 9.02e+02
2450 9.02e+02
2451 9.02e+02
2452 9.02e+02
2453 9.02e+02
2454 9.02e+02
2455 9.02e+02
2456 9.02e+02
2457 9.02e+02
2458 9.02e+02
2459 9.02e+02
2460 9.02e+02
2461 9.02e+02
2462 9.02e+02
2463 9.02e+02
2464 9.02e+02
2465 9.02e+02
2466 9.02e+02
2467 9.02e+02
2468 9.02e+02
2469 9.02e+02
2470 9.02e+02
2471 9.02e+02
2472 9.02e+02
2473 9.02e+02
2474 9.02e+02
2475 9.02e+02
2476 9.02e+02
2477 9.02e+02
2478 9.02e+02
2479 9.02e+02
2480 9.02e+02
2481 9.02e+02
2482 9.02e+02
2483 9.02e+02
2484 9.02e+02
2485 9.02e+02
2486 9.02e+02
2487 9.02e+02
2488 9.02e+02
2489 9.02e+02
2490 9.02e+02
2491 9.02e+02
2492 9.02e+02
2493 9.02e+02
2494 9.02e+02
2495 9.02e+02
2496 9.02e+02
2497 9.02e+02
2498 9.02e+02
2499 9.02e+02
2500 9.02e+02
2501 9.02e+02
2502 9.02e+02
2503 9.02e+02
2504 9.02e+02
2505 9.02e+02
2506 9.02e+02
2507 9.02e+02
2508 9.02e+02
2509 9.02e+02
2510 9.02e+02
2511 9.02e+02
2512 9.02e+02
2513 9.02e+02
2514 9.02e+02
2515 9.02e+02
2516 9.02e+02
2517 9.02e+02
2518 9.02e+02
2519 9.02e+02
2520 9.02e+02
2521 9.02e+02
2522 9.02e+02
2523 9.02e+02
2524 9.02e+02
2525 9.02e+02
2526 9.02e+02
2527 9.02e+02
2528 9.02e+02
2529 9.02e+02
2530 9.02e+02
2531 9.02e+02
2532 9.02e+02
2533 9.02e+02
2534 9.02e+02
2535 9.02e+02
2536 9.02e+02
2537 9.02e+02
2538 9.02e+02
2539 9.02e+02
2540 9.02e+02
2541 9.02e+02
2542 9.02e+02
2543 9.02e+02
2544 9.02e+02
2545 9.02e+02
2546 9.02e+02
2547 9.02e+02
2548 9.02e+02
2549 9.02e+02
2550 9.02e+02
2551 9.02e+02
2552 9.02e+02
2553 9.02e+02
2554 9.02e+02
2555 9.02e+02
2556 9.02e+02
2557 9.02e+02
2558 9.02e+02
2559 9.02e+02
2560 9.02e+02
2561 9.02e+02
2562 9.02e+02
2563 9.02e+02
2564 9.02e+02
2565 9.02e+02
2566 9.02e+02
2567 9.02e+02
2568 9.02e+02
2569 9.02e+02
2570 9.02e+02
2571 9.02e+02
2572 9.02e+02
2573 9.02e+02
2574 9.02e+02
2575 9.02e+02
2576 9.02e+02
2577 9.02e+02
2578 9.02e+02
2579 9.02e+02
2580 9.02e+02
2581 9.02e+02
2582 9.02e+02
2583 9.02e+02
2584 9.02e+02
2585 9.02e+02
2586 9.02e+02
2587 9.02e+02
2588 9.02e+02
2589 9.02e+02
2590 9.02e+02
2591 9.02e+02
2592 9.02e+02
2593 9.02e+02
2594 9.02e+02
2595 9.02e+02
2596 9.02e+02
2597 9.02e+02
2598 9.02e+02
2599 9.02e+02
2600 9.02e+02
2601 9.02e+02
2602 9.02e+02
2603 9.02e+02
2604 9.02e+02
2605 9.02e+02
2606 9.02e+02
2607 9.02e+02
2608 9.02e+02
2609 9.02e+02
2610 9.02e+02
2611 9.02e+02
2612 9.02e+02
2613 9.02e+02
2614 9.02e+02
2615 9.02e+02
2616 9.02e+02
2617 9.02e+02
2618 9.02e+02
2619 9.02e+02
2620 9.02e+02
2621 9.02e+02
2622 9.02e+02
2623 9.02e+02
2624 9.02e+02
2625 9.02e+02
2626 9.02e+02
2627 9.02e+02
2628 9.02e+02
2629 9.02e+02
2630 9.02e+02
2631 9.02e+02
2632 9.02e+02
2633 9.02e+02
2634 9.02e+02
2635 9.02e+02
2636 9.02e+02
2637 9.02e+02
2638 9.02e+02
2639 9.02e+02
2640 9.02e+02
2641 9.02e+02
2642 9.02e+02
2643 9.02e+02
2644 9.02e+02
2645 9.02e+02
2646 9.02e+02
2647 9.02e+02
2648 9.02e+02
2649 9.02e+02
2650 9.02e+02
2651 9.02e+02
2652 9.02e+02
2653 9.02e+02
2654 9.02e+02
2655 9.02e+02
2656 9.02e+02
2657 9.02e+02
2658 9.02e+02
2659 9.02e+02
2660 9.02e+02
2661 9.02e+02
2662 9.02e+02
2663 9.02e+02
2664 9.02e+02
2665 9.02e+02
2666 9.02e+02
2667 9.02e+02
2668 9.02e+02
2669 9.02e+02
2670 9.02e+02
2671 9.02e+02
2672 9.02e+02
2673 9.02e+02
2674 9.02e+02
2675 9.02e+02
2676 9.02e+02
2677 9.02e+02
2678 9.02e+02
2679 9.02e+02
2680 9.02e+02
2681 9.02e+02
2682 9.02e+02
2683 9.02e+02
2684 9.02e+02
2685 9.02e+02
2686 9.02e+02
2687 9.02e+02
2688 9.02e+02
2689 9.02e+02
2690 9.02e+02
2691 9.02e+02
2692 9.02e+02
2693 9.02e+02
2694 9.02e+02
2695 9.02e+02
2696 9.02e+02
2697 9.02e+02
2698 9.02e+02
2699 9.02e+02
2700 9.02e+02
2701 9.02e+02
2702 9.02e+02
2703 9.02e+02
2704 9.02e+02
2705 9.02e+02
2706 9.02e+02
2707 9.02e+02
2708 9.02e+02
2709 9.02e+02
2710 9.02e+02
2711 9.02e+02
2712 9.02e+02
2713 9.02e+02
2714 9.02e+02
2715 9.02e+02
2716 9.02e+02
2717 9.02e+02
2718 9.02e+02
2719 9.02e+02
2720 9.02e+02
2721 9.02e+02
2722 9.02e+02
2723 9.02e+02
2724 9.02e+02
2725 9.02e+02
2726 9.02e+02
2727 9.02e+02
2728 9.02e+02
2729 9.02e+02
2730 9.02e+02
2731 9.02e+02
2732 9.02e+02
2733 9.02e+02
2734 9.02e+02
2735 9.02e+02
2736 9.02e+02
2737 9.02e+02
2738 9.02e+02
2739 9.02e+02
2740 9.02e+02
2741 9.02e+02
2742 9.02e+02
2743 9.02e+02
2744 9.02e+02
2745 9.02e+02
2746 9.02e+02
2747 9.02e+02
2748 9.02e+02
2749 9.02e+02
2750 9.02e+02
2751 9.02e+02
2752 9.02e+02
2753 9.02e+02
2754 9.02e+02
2755 9.02e+02
2756 9.02e+02
2757 9.02e+02
2758 9.02e+02
2759 9.02e+02
2760 9.02e+02
2761 9.02e+02
2762 9.02e+02
2763 9.02e+02
2764 9.02e+02
2765 9.02e+02
2766 9.02e+02
2767 9.02e+02
2768 9.02e+02
2769 9.02e+02
2770 9.02e+02
2771 9.02e+02
2772 9.02e+02
2773 9.02e+02
2774 9.02e+02
2775 9.02e+02
2776 9.02e+02
2777 9.02e+02
2778 9.02e+02
2779 9.02e+02
2780 9.02e+02
2781 9.02e+02
2782 9.02e+02
2783 9.02e+02
2784 9.02e+02
2785 9.02e+02
2786 9.02e+02
2787 9.02e+02
2788 9.02e+02
2789 9.02e+02
2790 9.02e+02
2791 9.02e+02
2792 9.02e+02
2793 9.02e+02
2794 9.02e+02
2795 9.02e+02
2796 9.02e+02
2797 9.02e+02
2798 9.02e+02
2799 9.02e+02
2800 9.02e+02
2801 9.02e+02
2802 9.02e+02
2803 9.02e+02
2804 9.02e+02
2805 9.02e+02
2806 9.02e+02
2807 9.02e+02
2808 9.02e+02
2809 9.02e+02
2810 9.02e+02
2811 9.02e+02
2812 9.02e+02
2813 9.02e+02
2814 9.02e+02
2815 9.02e+02
2816 9.02e+02
2817 9.02e+02
2818 9.02e+02
2819 9.02e+02
2820 9.02e+02
2821 9.02e+02
2822 9.02e+02
2823 9.02e+02
2824 9.02e+02
2825 9.02e+02
2826 9.02e+02
2827 9.02e+02
2828 9.02e+02
2829 9.02e+02
2830 9.02e+02
2831 9.02e+02
2832 9.02e+02
2833 9.02e+02
2834 9.02e+02
2835 9.02e+02
2836 9.02e+02
2837 9.02e+02
2838 9.02e+02
2839 9.02e+02
2840 9.02e+02
2841 9.02e+02
2842 9.02e+02
2843 9.02e+02
2844 9.02e+02
2845 9.02e+02
2846 9.02e+02
2847 9.02e+02
2848 9.02e+02
2849 9.02e+02
2850 9.03e+02
2851 9.03e+02
2852 9.03e+02
2853 9.03e+02
2854 9.03e+02
2855 9.03e+02
2856 9.03e+02
2857 9.03e+02
2858 9.03e+02
2859 9.03e+02
2860 9.03e+02
2861 9.03e+02
2862 9.03e+02
2863 9.03e+02
2864 9.03e+02
2865 9.03e+02
2866 9.03e+02
2867 9.03e+02
2868 9.03e+02
2869 9.03e+02
2870 9.03e+02
2871 9.03e+02
2872 9.03e+02
2873 9.03e+02
2874 9.03e+02
2875 9.03e+02
2876 9.03e+02
2877 9.03e+02
2878 9.03e+02
2879 9.03e+02
2880 9.03e+02
2881 9.03e+02
2882 9.03e+02
2883 9.03e+02
2884 9.03e+02
2885 9.03e+02
2886 9.03e+02
2887 9.03e+02
2888 9.03e+02
2889 9.03e+02
2890 9.03e+02
2891 9.03e+02
2892 9.03e+02
2893 9.03e+02
2894 9.03e+02
2895 9.03e+02
2896 9.03e+02
2897 9.03e+02
2898 9.03e+02
2899 9.03e+02
2900 9.03e+02
2901 9.03e+02
2902 9.03e+02
2903 9.03e+02
2904 9.03e+02
2905 9.03e+02
2906 9.03e+02
2907 9.03e+02
2908 9.03e+02
2909 9.03e+02
2910 9.03e+02
2911 9.03e+02
2912 9.03e+02
2913 9.03e+02
2914 9.03e+02
2915 9.03e+02
2916 9.03e+02
2917 9.03e+02
2918 9.03e+02
2919 9.03e+02
2920 9.03e+02
2921 9.03e+02
2922 9.03e+02
2923 9.03e+02
2924 9.03e+02
2925 9.03e+02
2926 9.03e+02
2927 9.03e+02
2928 9.03e+02
2929 9.03e+02
2930 9.03e+02
2931 9.03e+02
2932 9.03e+02
2933 9.03e+02
2934 9.03e+02
2935 9.03e+02
2936 9.03e+02
2937 9.03e+02
2938 9.03e+02
2939 9.03e+02
2940 9.03e+02
2941 9.03e+02
2942 9.03e+02
2943 9.03e+02
2944 9.03e+02
2945 9.03e+02
2946 9.03e+02
2947 9.03e+02
2948 9.03e+02
2949 9.03e+02
2950 9.03e+02
2951 9.03e+02
2952 9.03e+02
2953 9.03e+02
2954 9.03e+02
2955 9.03e+02
2956 9.03e+02
2957 9.03e+02
2958 9.03e+02
2959 9.03e+02
2960 9.03e+02
2961 9.03e+02
2962 9.03e+02
2963 9.03e+02
2964 9.03e+02
2965 9.03e+02
2966 9.03e+02
2967 9.03e+02
2968 9.03e+02
2969 9.03e+02
2970 9.03e+02
2971 9.03e+02
2972 9.03e+02
2973 9.03e+02
2974 9.03e+02
2975 9.03e+02
2976 9.03e+02
2977 9.03e+02
2978 9.03e+02
2979 9.03e+02
2980 9.03e+02
2981 9.03e+02
2982 9.03e+02
2983 9.03e+02
2984 9.03e+02
2985 9.03e+02
2986 9.03e+02
2987 9.03e+02
2988 9.03e+02
2989 9.03e+02
2990 9.03e+02
2991 9.03e+02
2992 9.03e+02
2993 9.03e+02
2994 9.03e+02
2995 9.03e+02
2996 9.03e+02
2997 9.03e+02
2998 9.03e+02
2999 9.03e+02
3000 9.03e+02
3001 9.03e+02
3002 9.03e+02
3003 9.03e+02
3004 9.03e+02
3005 9.03e+02
3006 9.03e+02
3007 9.03e+02
3008 9.03e+02
3009 9.03e+02
3010 9.03e+02
3011 9.03e+02
3012 9.03e+02
3013 9.03e+02
3014 9.03e+02
3015 9.03e+02
3016 9.03e+02
3017 9.03e+02
3018 9.03e+02
3019 9.03e+02
3020 9.03e+02
3021 9.03e+02
3022 9.03e+02
3023 9.03e+02
3024 9.03e+02
3025 9.03e+02
3026 9.03e+02
3027 9.03e+02
3028 9.03e+02
3029 9.03e+02
3030 9.03e+02
3031 9.03e+02
3032 9.03e+02
3033 9.03e+02
3034 9.03e+02
3035 9.03e+02
3036 9.03e+02
3037 9.03e+02
3038 9.03e+02
3039 9.03e+02
3040 9.03e+02
3041 9.03e+02
3042 9.03e+02
3043 9.03e+02
3044 9.03e+02
3045 9.03e+02
3046 9.03e+02
3047 9.03e+02
3048 9.03e+02
3049 9.03e+02
3050 9.03e+02
3051 9.03e+02
3052 9.03e+02
3053 9.03e+02
3054 9.03e+02
3055 9.03e+02
3056 9.03e+02
3057 9.03e+02
3058 9.03e+02
3059 9.03e+02
3060 9.03e+02
3061 9.03e+02
3062 9.03e+02
3063 9.03e+02
3064 9.03e+02
3065 9.03e+02
3066 9.03e+02
3067 9.03e+02
3068 9.03e+02
3069 9.03e+02
3070 9.03e+02
3071 9.03e+02
3072 9.03e+02
3073 9.03e+02
3074 9.03e+02
3075 9.03e+02
3076 9.03e+02
3077 9.03e+02
3078 9.03e+02
3079 9.03e+02
3080 9.03e+02
3081 9.03e+02
3082 9.03e+02
3083 9.03e+02
3084 9.03e+02
3085 9.03e+02
3086 9.03e+02
3087 9.03e+02
3088 9.03e+02
3089 9.03e+02
3090 9.03e+02
3091 9.03e+02
3092 9.03e+02
3093 9.03e+02
3094 9.03e+02
3095 9.03e+02
3096 9.03e+02
3097 9.03e+02
3098 9.03e+02
3099 9.03e+02
3100 9.03e+02
3101 9.03e+02
3102 9.03e+02
3103 9.03e+02
3104 9.03e+02
3105 9.03e+02
3106 9.03e+02
3107 9.03e+02
3108 9.03e+02
3109 9.03e+02
3110 9.03e+02
3111 9.03e+02
3112 9.03e+02
3113 9.03e+02
3114 9.03e+02
3115 9.03e+02
3116 9.03e+02
3117 9.03e+02
3118 9.03e+02
3119 9.03e+02
3120 9.03e+02
3121 9.03e+02
3122 9.03e+02
3123 9.03e+02
3124 9.03e+02
3125 9.03e+02
3126 9.03e+02
3127 9.03e+02
3128 9.03e+02
3129 9.03e+02
3130 9.03e+02
3131 9.03e+02
3132 9.03e+02
3133 9.03e+02
3134 9.03e+02
3135 9.03e+02
3136 9.03e+02
3137 9.03e+02
3138 9.03e+02
3139 9.03e+02
3140 9.03e+02
3141 9.03e+02
3142 9.03e+02
3143 9.03e+02
3144 9.03e+02
3145 9.03e+02
3146 9.03e+02
3147 9.03e+02
3148 9.03e+02
3149 9.03e+02
3150 9.03e+02
3151 9.03e+02
3152 9.03e+02
3153 9.03e+02
3154 9.03e+02
3155 9.03e+02
3156 9.03e+02
3157 9.03e+02
3158 9.03e+02
3159 9.03e+02
3160 9.03e+02
3161 9.03e+02
3162 9.03e+02
3163 9.03e+02
3164 9.03e+02
3165 9.03e+02
3166 9.03e+02
3167 9.03e+02
3168 9.03e+02
3169 9.03e+02
3170 9.03e+02
3171 9.03e+02
3172 9.03e+02
3173 9.03e+02
3174 9.03e+02
3175 9.03e+02
3176 9.03e+02
3177 9.03e+02
3178 9.03e+02
3179 9.03e+02
3180 9.03e+02
3181 9.03e+02
3182 9.03e+02
3183 9.03e+02
3184 9.03e+02
3185 9.03e+02
3186 9.03e+02
3187 9.03e+02
3188 9.03e+02
3189 9.03e+02
3190 9.03e+02
3191 9.03e+02
3192 9.03e+02
3193 9.03e+02
3194 9.03e+02
3195 9.03e+02
3196 9.03e+02
3197 9.03e+02
3198 9.03e+02
3199 9.03e+02
3200 9.03e+02
3201 9.03e+02
3202 9.03e+02
3203 9.03e+02
3204 9.03e+02
3205 9.03e+02
3206 9.03e+02
3207 9.03e+02
3208 9.03e+02
3209 9.03e+02
3210 9.03e+02
3211 9.03e+02
3212 9.03e+02
3213 9.03e+02
3214 9.03e+02
3215 9.03e+02
3216 9.03e+02
3217 9.03e+02
3218 9.03e+02
3219 9.03e+02
3220 9.03e+02
3221 9.03e+02
3222 9.03e+02
3223 9.03e+02
3224 9.03e+02
3225 9.03e+02
3226 9.03e+02
3227 9.03e+02
3228 9.03e+02
3229 9.03e+02
3230 9.03e+02
3231 9.03e+02
3232 9.03e+02
3233 9.03e+02
3234 9.03e+02
3235 9.03e+02
3236 9.03e+02
3237 9.03e+02
3238 9.03e+02
3239 9.03e+02
3240 9.03e+02
3241 9.03e+02
3242 9.03e+02
3243 9.03e+02
3244 9.03e+02
3245 9.03e+02
3246 9.03e+02
3247 9.03e+02
3248 9.03e+02
3249 9.03e+02
3250 9.03e+02
3251 9.03e+02
3252 9.03e+02
3253 9.03e+02
3254 9.03e+02
3255 9.03e+02
3256 9.03e+02
3257 9.03e+02
3258 9.03e+02
3259 9.03e+02
3260 9.03e+02
3261 9.03e+02
3262 9.03e+02
3263 9.03e+02
3264 9.03e+02
3265 9.03e+02
3266 9.03e+02
3267 9.03e+02
3268 9.03e+02
3269 9.03e+02
3270 9.03e+02
3271 9.03e+02
3272 9.03e+02
3273 9.03e+02
3274 9.03e+02
3275 9.03e+02
3276 9.03e+02
3277 9.03e+02
3278 9.03e+02
3279 9.03e+02
3280 9.03e+02
3281 9.03e+02
3282 9.03e+02
3283 9.03e+02
3284 9.03e+02
3285 9.03e+02
3286 9.03e+02
3287 9.03e+02
3288 9.03e+02
3289 9.03e+02
3290 9.03e+02
3291 9.03e+02
3292 9.03e+02
3293 9.03e+02
3294 9.03e+02
3295 9.03e+02
3296 9.03e+02
3297 9.03e+02
3298 9.03e+02
3299 9.03e+02
3300 9.03e+02
3301 9.03e+02
3302 9.03e+02
3303 9.03e+02
3304 9.03e+02
3305 9.03e+02
3306 9.03e+02
3307 9.03e+02
3308 9.03e+02
3309 9.03e+02
3310 9.03e+02
3311 9.03e+02
3312 9.03e+02
3313 9.03e+02
3314 9.03e+02
3315 9.03e+02
3316 9.03e+02
3317 9.03e+02
3318 9.03e+02
3319 9.03e+02
3320 9.03e+02
3321 9.03e+02
3322 9.03e+02
3323 9.03e+02
3324 9.03e+02
3325 9.03e+02
3326 9.03e+02
3327 9.03e+02
3328 9.03e+02
3329 9.03e+02
3330 9.03e+02
3331 9.03e+02
3332 9.03e+02
3333 9.03e+02
3334 9.03e+02
3335 9.03e+02
3336 9.03e+02
3337 9.03e+02
3338 9.03e+02
3339 9.03e+02
3340 9.03e+02
3341 9.03e+02
3342 9.03e+02
3343 9.03e+02
3344 9.03e+02
3345 9.03e+02
3346 9.03e+02
3347 9.03e+02
3348 9.03e+02
3349 9.03e+02
3350 9.03e+02
3351 9.03e+02
3352 9.03e+02
3353 9.03e+02
3354 9.03e+02
3355 9.03e+02
3356 9.03e+02
3357 9.03e+02
3358 9.03e+02
3359 9.03e+02
3360 9.03e+02
3361 9.03e+02
3362 9.03e+02
3363 9.03e+02
3364 9.03e+02
3365 9.03e+02
3366 9.03e+02
3367 9.03e+02
3368 9.03e+02
3369 9.03e+02
3370 9.03e+02
3371 9.03e+02
3372 9.03e+02
3373 9.03e+02
3374 9.03e+02
3375 9.03e+02
3376 9.03e+02
3377 9.03e+02
3378 9.03e+02
3379 9.03e+02
3380 9.03e+02
3381 9.03e+02
3382 9.03e+02
3383 9.03e+02
3384 9.03e+02
3385 9.03e+02
3386 9.03e+02
3387 9.03e+02
3388 9.03e+02
3389 9.03e+02
3390 9.03e+02
3391 9.03e+02
3392 9.03e+02
3393 9.03e+02
3394 9.03e+02
3395 9.03e+02
3396 9.03e+02
3397 9.03e+02
3398 9.03e+02
3399 9.03e+02
3400 9.03e+02
3401 9.03e+02
3402 9.03e+02
3403 9.03e+02
3404 9.03e+02
3405 9.03e+02
3406 9.03e+02
3407 9.03e+02
3408 9.03e+02
3409 9.03e+02
3410 9.03e+02
3411 9.03e+02
3412 9.03e+02
3413 9.03e+02
3414 9.03e+02
3415 9.03e+02
3416 9.03e+02
3417 9.03e+02
3418 9.03e+02
3419 9.03e+02
3420 9.03e+02
3421 9.03e+02
3422 9.03e+02
3423 9.03e+02
3424 9.03e+02
3425 9.03e+02
3426 9.03e+02
3427 9.03e+02
3428 9.03e+02
3429 9.03e+02
3430 9.03e+02
3431 9.03e+02
3432 9.03e+02
3433 9.03e+02
3434 9.03e+02
3435 9.03e+02
3436 9.03e+02
3437 9.03e+02
3438 9.03e+02
3439 9.03e+02
3440 9.03e+02
3441 9.03e+02
3442 9.03e+02
3443 9.03e+02
3444 9.03e+02
3445 9.03e+02
3446 9.03e+02
3447 9.03e+02
3448 9.03e+02
3449 9.03e+02
3450 9.03e+02
3451 9.03e+02
3452 9.03e+02
3453 9.03e+02
3454 9.03e+02
3455 9.03e+02
3456 9.03e+02
3457 9.03e+02
3458 9.03e+02
3459 9.03e+02
3460 9.03e+02
3461 9.03e+02
3462 9.03e+02
3463 9.03e+02
3464 9.03e+02
3465 9.03e+02
3466 9.03e+02
3467 9.03e+02
3468 9.03e+02
3469 9.03e+02
3470 9.03e+02
3471 9.03e+02
3472 9.03e+02
3473 9.03e+02
3474 9.03e+02
3475 9.03e+02
3476 9.03e+02
3477 9.03e+02
3478 9.03e+02
3479 9.03e+02
3480 9.03e+02
3481 9.03e+02
3482 9.03e+02
3483 9.03e+02
3484 9.03e+02
3485 9.03e+02
3486 9.03e+02
3487 9.03e+02
3488 9.03e+02
3489 9.03e+02
3490 9.03e+02
3491 9.03e+02
3492 9.03e+02
3493 9.03e+02
3494 9.03e+02
3495 9.03e+02
3496 9.03e+02
3497 9.03e+02
3498 9.03e+02
3499 9.03e+02
3500 9.03e+02
3501 9.03e+02
3502 9.03e+02
3503 9.03e+02
3504 9.03e+02
3505 9.03e+02
3506 9.03e+02
3507 9.03e+02
3508 9.03e+02
3509 9.03e+02
3510 9.03e+02
3511 9.03e+02
3512 9.03e+02
3513 9.03e+02
3514 9.03e+02
3515 9.03e+02
3516 9.03e+02
3517 9.03e+02
3518 9.03e+02
3519 9.03e+02
3520 9.03e+02
3521 9.03e+02
3522 9.03e+02
3523 9.03e+02
3524 9.03e+02
3525 9.03e+02
3526 9.03e+02
3527 9.03e+02
3528 9.03e+02
3529 9.03e+02
3530 9.03e+02
3531 9.03e+02
3532 9.03e+02
3533 9.03e+02
3534 9.03e+02
3535 9.03e+02
3536 9.03e+02
3537 9.03e+02
3538 9.03e+02
3539 9.03e+02
3540 9.03e+02
3541 9.03e+02
3542 9.03e+02
3543 9.03e+02
3544 9.03e+02
3545 9.03e+02
3546 9.03e+02
3547 9.03e+02
3548 9.03e+02
3549 9.03e+02
3550 9.03e+02
3551 9.03e+02
3552 9.03e+02
3553 9.03e+02
3554 9.03e+02
3555 9.03e+02
3556 9.03e+02
3557 9.03e+02
3558 9.03e+02
3559 9.03e+02
3560 9.03e+02
3561 9.03e+02
3562 9.03e+02
3563 9.03e+02
3564 9.03e+02
3565 9.03e+02
3566 9.03e+02
3567 9.03e+02
3568 9.03e+02
3569 9.03e+02
3570 9.03e+02
3571 9.03e+02
3572 9.03e+02
3573 9.03e+02
3574 9.03e+02
3575 9.03e+02
3576 9.03e+02
3577 9.03e+02
3578 9.03e+02
3579 9.03e+02
3580 9.03e+02
3581 9.03e+02
3582 9.03e+02
3583 9.03e+02
3584 9.03e+02
3585 9.03e+02
3586 9.03e+02
3587 9.03e+02
3588 9.03e+02
3589 9.03e+02
3590 9.03e+02
3591 9.03e+02
3592 9.03e+02
3593 9.03e+02
3594 9.03e+02
3595 9.03e+02
3596 9.03e+02
3597 9.03e+02
3598 9.03e+02
3599 9.03e+02
3600 9.03e+02
3601 9.03e+02
3602 9.03e+02
3603 9.03e+02
3604 9.03e+02
3605 9.03e+02
3606 9.03e+02
3607 9.03e+02
3608 9.03e+02
3609 9.03e+02
3610 9.03e+02
3611 9.03e+02
3612 9.03e+02
3613 9.03e+02
3614 9.03e+02
3615 9.03e+02
3616 9.03e+02
3617 9.03e+02
3618 9.03e+02
3619 9.03e+02
3620 9.03e+02
3621 9.03e+02
3622 9.03e+02
3623 9.03e+02
3624 9.03e+02
3625 9.03e+02
3626 9.03e+02
3627 9.03e+02
3628 9.03e+02
3629 9.03e+02
3630 9.03e+02
3631 9.03e+02
3632 9.03e+02
3633 9.03e+02
3634 9.03e+02
3635 9.03e+02
3636 9.03e+02
3637 9.03e+02
3638 9.03e+02
3639 9.03e+02
3640 9.03e+02
3641 9.03e+02
3642 9.03e+02
3643 9.03e+02
3644 9.03e+02
3645 9.03e+02
3646 9.03e+02
3647 9.03e+02
3648 9.03e+02
3649 9.03e+02
3650 9.03e+02
3651 9.03e+02
3652 9.03e+02
3653 9.03e+02
3654 9.03e+02
3655 9.03e+02
3656 9.03e+02
3657 9.03e+02
3658 9.03e+02
3659 9.03e+02
3660 9.03e+02
3661 9.03e+02
3662 9.03e+02
3663 9.03e+02
3664 9.03e+02
3665 9.03e+02
3666 9.03e+02
3667 9.03e+02
3668 9.03e+02
3669 9.03e+02
3670 9.03e+02
3671 9.03e+02
3672 9.03e+02
3673 9.03e+02
3674 9.03e+02
3675 9.03e+02
3676 9.03e+02
3677 9.03e+02
3678 9.03e+02
3679 9.03e+02
3680 9.03e+02
3681 9.03e+02
3682 9.03e+02
3683 9.03e+02
3684 9.03e+02
3685 9.03e+02
3686 9.03e+02
3687 9.03e+02
3688 9.03e+02
3689 9.03e+02
3690 9.03e+02
3691 9.03e+02
3692 9.03e+02
3693 9.03e+02
3694 9.03e+02
3695 9.03e+02
3696 9.03e+02
3697 9.03e+02
3698 9.03e+02
3699 9.03e+02
3700 9.03e+02
3701 9.03e+02
3702 9.03e+02
3703 9.03e+02
3704 9.03e+02
3705 9.03e+02
3706 9.03e+02
3707 9.03e+02
3708 9.03e+02
3709 9.03e+02
3710 9.03e+02
3711 9.03e+02
3712 9.03e+02
3713 9.03e+02
3714 9.03e+02
3715 9.03e+02
3716 9.03e+02
3717 9.03e+02
3718 9.03e+02
3719 9.03e+02
3720 9.03e+02
3721 9.03e+02
3722 9.03e+02
3723 9.03e+02
3724 9.03e+02
3725 9.03e+02
3726 9.03e+02
3727 9.03e+02
3728 9.03e+02
3729 9.03e+02
3730 9.03e+02
3731 9.03e+02
3732 9.03e+02
3733 9.03e+02
3734 9.03e+02
3735 9.03e+02
3736 9.03e+02
3737 9.03e+02
3738 9.03e+02
3739 9.03e+02
3740 9.03e+02
3741 9.03e+02
3742 9.03e+02
3743 9.03e+02
3744 9.03e+02
3745 9.03e+02
3746 9.03e+02
3747 9.03e+02
3748 9.03e+02
3749 9.03e+02
3750 9.03e+02
3751 9.03e+02
3752 9.03e+02
3753 9.03e+02
3754 9.03e+02
3755 9.03e+02
3756 9.03e+02
3757 9.03e+02
3758 9.03e+02
3759 9.03e+02
3760 9.03e+02
3761 9.03e+02
3762 9.03e+02
3763 9.03e+02
3764 9.03e+02
3765 9.03e+02
3766 9.03e+02
3767 9.03e+02
3768 9.03e+02
3769 9.03e+02
3770 9.03e+02
3771 9.03e+02
3772 9.03e+02
3773 9.03e+02
3774 9.03e+02
3775 9.03e+02
3776 9.03e+02
3777 9.03e+02
3778 9.03e+02
3779 9.03e+02
3780 9.03e+02
3781 9.03e+02
3782 9.03e+02
3783 9.03e+02
3784 9.03e+02
3785 9.03e+02
3786 9.03e+02
3787 9.03e+02
3788 9.03e+02
3789 9.03e+02
3790 9.03e+02
3791 9.03e+02
3792 9.03e+02
3793 9.03e+02
3794 9.03e+02
3795 9.03e+02
3796 9.03e+02
3797 9.03e+02
3798 9.03e+02
3799 9.03e+02
3800 9.03e+02
3801 9.03e+02
3802 9.03e+02
3803 9.03e+02
3804 9.03e+02
3805 9.03e+02
3806 9.03e+02
3807 9.03e+02
3808 9.03e+02
3809 9.03e+02
3810 9.03e+02
3811 9.03e+02
3812 9.03e+02
3813 9.03e+02
3814 9.03e+02
3815 9.03e+02
3816 9.03e+02
3817 9.03e+02
3818 9.03e+02
3819 9.03e+02
3820 9.03e+02
3821 9.03e+02
3822 9.03e+02
3823 9.03e+02
3824 9.03e+02
3825 9.03e+02
3826 9.03e+02
3827 9.03e+02
3828 9.03e+02
3829 9.03e+02
3830 9.03e+02
3831 9.03e+02
3832 9.03e+02
3833 9.03e+02
3834 9.03e+02
3835 9.03e+02
3836 9.03e+02
3837 9.03e+02
3838 9.03e+02
3839 9.03e+02
3840 9.03e+02
3841 9.03e+02
3842 9.03e+02
3843 9.03e+02
3844 9.03e+02
3845 9.03e+02
3846 9.03e+02
3847 9.03e+02
3848 9.03e+02
3849 9.03e+02
3850 9.03e+02
3851 9.03e+02
3852 9.03e+02
3853 9.03e+02
3854 9.03e+02
3855 9.03e+02
3856 9.03e+02
3857 9.03e+02
3858 9.03e+02
3859 9.03e+02
3860 9.03e+02
3861 9.03e+02
3862 9.03e+02
3863 9.03e+02
3864 9.03e+02
3865 9.03e+02
3866 9.03e+02
3867 9.03e+02
3868 9.03e+02
3869 9.03e+02
3870 9.03e+02
3871 9.03e+02
3872 9.03e+02
3873 9.03e+02
3874 9.03e+02
3875 9.03e+02
3876 9.03e+02
3877 9.03e+02
3878 9.03e+02
3879 9.03e+02
3880 9.03e+02
3881 9.03e+02
3882 9.03e+02
3883 9.03e+02
3884 9.03e+02
3885 9.03e+02
3886 9.03e+02
3887 9.03e+02
3888 9.03e+02
3889 9.03e+02
3890 9.03e+02
3891 9.03e+02
3892 9.03e+02
3893 9.03e+02
3894 9.03e+02
3895 9.03e+02
3896 9.03e+02
3897 9.03e+02
3898 9.03e+02
3899 9.03e+02
3900 9.03e+02
3901 9.03e+02
3902 9.03e+02
3903 9.03e+02
3904 9.03e+02
3905 9.03e+02
3906 9.03e+02
3907 9.03e+02
3908 9.03e+02
3909 9.03e+02
3910 9.03e+02
3911 9.03e+02
3912 9.03e+02
3913 9.03e+02
3914 9.03e+02
3915 9.03e+02
3916 9.03e+02
3917 9.03e+02
3918 9.03e+02
3919 9.03e+02
3920 9.03e+02
3921 9.03e+02
3922 9.03e+02
3923 9.03e+02
3924 9.03e+02
3925 9.03e+02
3926 9.03e+02
3927 9.03e+02
3928 9.03e+02
3929 9.03e+02
3930 9.03e+02
3931 9.03e+02
3932 9.03e+02
3933 9.03e+02
3934 9.03e+02
3935 9.03e+02
3936 9.03e+02
3937 9.03e+02
3938 9.03e+02
3939 9.03e+02
3940 9.03e+02
3941 9.03e+02
3942 9.03e+02
3943 9.03e+02
3944 9.03e+02
3945 9.03e+02
3946 9.03e+02
3947 9.03e+02
3948 9.03e+02
3949 9.03e+02
3950 9.03e+02
3951 9.03e+02
3952 9.03e+02
3953 9.03e+02
3954 9.03e+02
3955 9.03e+02
3956 9.03e+02
3957 9.03e+02
3958 9.03e+02
3959 9.03e+02
3960 9.03e+02
3961 9.03e+02
3962 9.03e+02
3963 9.03e+02
3964 9.03e+02
3965 9.03e+02
3966 9.03e+02
3967 9.03e+02
3968 9.03e+02
3969 9.03e+02
3970 9.03e+02
3971 9.03e+02
3972 9.03e+02
3973 9.03e+02
3974 9.03e+02
3975 9.03e+02
3976 9.03e+02
3977 9.03e+02
3978 9.03e+02
3979 9.03e+02
3980 9.03e+02
3981 9.03e+02
3982 9.03e+02
3983 9.04e+02
3984 9.04e+02
3985 9.04e+02
3986 9.04e+02
3987 9.04e+02
3988 9.04e+02
3989 9.04e+02
3990 9.04e+02
3991 9.04e+02
3992 9.04e+02
3993 9.04e+02
3994 9.04e+02
3995 9.04e+02
3996 9.04e+02
3997 9.04e+02
3998 9.04e+02
3999 9.04e+02
4000 9.04e+02
4001 9.04e+02
4002 9.04e+02
4003 9.04e+02
4004 9.04e+02
4005 9.04e+02
4006 9.04e+02
4007 9.04e+02
4008 9.04e+02
4009 9.04e+02
4010 9.04e+02
4011 9.04e+02
4012 9.04e+02
4013 9.04e+02
4014 9.04e+02
4015 9.04e+02
4016 9.04e+02
4017 9.04e+02
4018 9.04e+02
4019 9.04e+02
4020 9.04e+02
4021 9.04e+02
4022 9.04e+02
4023 9.04e+02
4024 9.04e+02
4025 9.04e+02
4026 9.04e+02
4027 9.04e+02
4028 9.04e+02
4029 9.04e+02
4030 9.04e+02
4031 9.04e+02
4032 9.04e+02
4033 9.04e+02
4034 9.04e+02
4035 9.04e+02
4036 9.04e+02
4037 9.04e+02
4038 9.04e+02
4039 9.04e+02
4040 9.04e+02
4041 9.04e+02
4042 9.04e+02
4043 9.04e+02
4044 9.04e+02
4045 9.04e+02
4046 9.04e+02
4047 9.04e+02
4048 9.04e+02
4049 9.04e+02
4050 9.04e+02
4051 9.04e+02
4052 9.04e+02
4053 9.04e+02
4054 9.04e+02
4055 9.04e+02
4056 9.04e+02
4057 9.04e+02
4058 9.04e+02
4059 9.04e+02
4060 9.04e+02
4061 9.04e+02
4062 9.04e+02
4063 9.04e+02
4064 9.04e+02
4065 9.04e+02
4066 9.04e+02
4067 9.04e+02
4068 9.04e+02
4069 9.04e+02
4070 9.04e+02
4071 9.04e+02
4072 9.04e+02
4073 9.04e+02
4074 9.04e+02
4075 9.04e+02
4076 9.04e+02
4077 9.04e+02
4078 9.04e+02
4079 9.04e+02
4080 9.04e+02
4081 9.04e+02
4082 9.04e+02
4083 9.04e+02
4084 9.04e+02
4085 9.04e+02
4086 9.04e+02
4087 9.04e+02
4088 9.04e+02
4089 9.04e+02
4090 9.04e+02
4091 9.04e+02
4092 9.04e+02
4093 9.04e+02
4094 9.04e+02
4095 9.04e+02
4096 9.04e+02
4097 9.04e+02
4098 9.04e+02
4099 9.04e+02
4100 9.04e+02
4101 9.04e+02
4102 9.04e+02
4103 9.04e+02
4104 9.04e+02
4105 9.04e+02
4106 9.04e+02
4107 9.04e+02
4108 9.04e+02
4109 9.04e+02
4110 9.04e+02
4111 9.04e+02
4112 9.04e+02
4113 9.04e+02
4114 9.04e+02
4115 9.04e+02
4116 9.04e+02
4117 9.04e+02
4118 9.04e+02
4119 9.04e+02
4120 9.04e+02
4121 9.04e+02
4122 9.04e+02
4123 9.04e+02
4124 9.04e+02
4125 9.04e+02
4126 9.04e+02
4127 9.04e+02
4128 9.04e+02
4129 9.04e+02
4130 9.04e+02
4131 9.04e+02
4132 9.04e+02
4133 9.04e+02
4134 9.04e+02
4135 9.04e+02
4136 9.04e+02
4137 9.04e+02
4138 9.04e+02
4139 9.04e+02
4140 9.04e+02
4141 9.04e+02
4142 9.04e+02
4143 9.04e+02
4144 9.04e+02
4145 9.04e+02
4146 9.04e+02
4147 9.04e+02
4148 9.04e+02
4149 9.04e+02
4150 9.04e+02
4151 9.04e+02
4152 9.04e+02
4153 9.04e+02
4154 9.04e+02
4155 9.04e+02
4156 9.04e+02
4157 9.04e+02
4158 9.04e+02
4159 9.04e+02
4160 9.04e+02
4161 9.04e+02
4162 9.04e+02
4163 9.04e+02
4164 9.04e+02
4165 9.04e+02
4166 9.04e+02
4167 9.04e+02
4168 9.04e+02
4169 9.04e+02
4170 9.04e+02
4171 9.04e+02
4172 9.04e+02
4173 9.04e+02
4174 9.04e+02
4175 9.04e+02
4176 9.04e+02
4177 9.04e+02
4178 9.04e+02
4179 9.04e+02
4180 9.04e+02
4181 9.04e+02
4182 9.04e+02
4183 9.04e+02
4184 9.04e+02
4185 9.04e+02
4186 9.04e+02
4187 9.04e+02
4188 9.04e+02
4189 9.04e+02
4190 9.04e+02
4191 9.04e+02
4192 9.04e+02
4193 9.04e+02
4194 9.04e+02
4195 9.04e+02
4196 9.04e+02
4197 9.04e+02
4198 9.04e+02
4199 9.04e+02
4200 9.04e+02
4201 9.04e+02
4202 9.04e+02
4203 9.04e+02
4204 9.04e+02
4205 9.04e+02
4206 9.04e+02
4207 9.04e+02
4208 9.04e+02
4209 9.04e+02
4210 9.04e+02
4211 9.04e+02
4212 9.04e+02
4213 9.04e+02
4214 9.04e+02
4215 9.04e+02
4216 9.04e+02
4217 9.04e+02
4218 9.04e+02
4219 9.04e+02
4220 9.04e+02
4221 9.04e+02
4222 9.04e+02
4223 9.04e+02
4224 9.04e+02
4225 9.04e+02
4226 9.04e+02
4227 9.04e+02
4228 9.04e+02
4229 9.04e+02
4230 9.04e+02
4231 9.04e+02
4232 9.04e+02
4233 9.04e+02
4234 9.04e+02
4235 9.04e+02
4236 9.04e+02
4237 9.04e+02
4238 9.04e+02
4239 9.04e+02
4240 9.04e+02
4241 9.04e+02
4242 9.04e+02
4243 9.04e+02
4244 9.04e+02
4245 9.04e+02
4246 9.04e+02
4247 9.04e+02
4248 9.04e+02
4249 9.04e+02
4250 9.04e+02
4251 9.04e+02
4252 9.04e+02
4253 9.04e+02
4254 9.04e+02
4255 9.04e+02
4256 9.04e+02
4257 9.04e+02
4258 9.04e+02
4259 9.04e+02
4260 9.04e+02
4261 9.04e+02
4262 9.04e+02
4263 9.04e+02
4264 9.04e+02
4265 9.04e+02
4266 9.04e+02
4267 9.04e+02
4268 9.04e+02
4269 9.04e+02
4270 9.04e+02
4271 9.04e+02
4272 9.04e+02
4273 9.04e+02
4274 9.04e+02
4275 9.04e+02
4276 9.04e+02
4277 9.04e+02
4278 9.04e+02
4279 9.04e+02
4280 9.04e+02
4281 9.04e+02
4282 9.04e+02
4283 9.04e+02
4284 9.04e+02
4285 9.04e+02
4286 9.04e+02
4287 9.04e+02
4288 9.04e+02
4289 9.04e+02
4290 9.04e+02
4291 9.04e+02
4292 9.04e+02
4293 9.04e+02
4294 9.04e+02
4295 9.04e+02
4296 9.04e+02
4297 9.04e+02
4298 9.04e+02
4299 9.04e+02
4300 9.04e+02
4301 9.04e+02
4302 9.04e+02
4303 9.04e+02
4304 9.04e+02
4305 9.04e+02
4306 9.04e+02
4307 9.04e+02
4308 9.04e+02
4309 9.04e+02
4310 9.04e+02
4311 9.04e+02
4312 9.04e+02
4313 9.04e+02
4314 9.04e+02
4315 9.04e+02
4316 9.04e+02
4317 9.04e+02
4318 9.04e+02
4319 9.04e+02
4320 9.04e+02
4321 9.04e+02
4322 9.04e+02
4323 9.04e+02
4324 9.04e+02
4325 9.04e+02
4326 9.04e+02
4327 9.04e+02
4328 9.04e+02
4329 9.04e+02
4330 9.04e+02
4331 9.04e+02
4332 9.04e+02
4333 9.04e+02
4334 9.04e+02
4335 9.04e+02
4336 9.04e+02
4337 9.04e+02
4338 9.04e+02
4339 9.04e+02
4340 9.04e+02
4341 9.04e+02
4342 9.04e+02
4343 9.04e+02
4344 9.04e+02
4345 9.04e+02
4346 9.04e+02
4347 9.04e+02
4348 9.04e+02
4349 9.04e+02
4350 9.04e+02
4351 9.04e+02
4352 9.04e+02
4353 9.04e+02
4354 9.04e+02
4355 9.04e+02
4356 9.04e+02
4357 9.04e+02
4358 9.04e+02
4359 9.04e+02
4360 9.04e+02
4361 9.04e+02
4362 9.04e+02
4363 9.04e+02
4364 9.04e+02
4365 9.04e+02
4366 9.04e+02
4367 9.04e+02
4368 9.04e+02
4369 9.04e+02
4370 9.04e+02
4371 9.04e+02
4372 9.04e+02
4373 9.04e+02
4374 9.04e+02
4375 9.04e+02
4376 9.04e+02
4377 9.04e+02
4378 9.04e+02
4379 9.04e+02
4380 9.04e+02
4381 9.04e+02
4382 9.04e+02
4383 9.04e+02
4384 9.04e+02
4385 9.04e+02
4386 9.04e+02
4387 9.04e+02
4388 9.04e+02
4389 9.04e+02
4390 9.04e+02
4391 9.04e+02
4392 9.04e+02
4393 9.04e+02
4394 9.04e+02
4395 9.04e+02
4396 9.04e+02
4397 9.04e+02
4398 9.04e+02
4399 9.04e+02
4400 9.04e+02
4401 9.04e+02
4402 9.04e+02
4403 9.04e+02
4404 9.04e+02
4405 9.04e+02
4406 9.04e+02
4407 9.04e+02
4408 9.04e+02
4409 9.04e+02
4410 9.04e+02
4411 9.04e+02
4412 9.04e+02
4413 9.04e+02
4414 9.04e+02
4415 9.04e+02
4416 9.04e+02
4417 9.04e+02
4418 9.04e+02
4419 9.04e+02
4420 9.04e+02
4421 9.04e+02
4422 9.04e+02
4423 9.04e+02
4424 9.04e+02
4425 9.04e+02
4426 9.04e+02
4427 9.04e+02
4428 9.04e+02
4429 9.04e+02
4430 9.04e+02
4431 9.04e+02
4432 9.04e+02
4433 9.04e+02
4434 9.04e+02
4435 9.04e+02
4436 9.04e+02
4437 9.04e+02
4438 9.04e+02
4439 9.04e+02
4440 9.04e+02
4441 9.04e+02
4442 9.04e+02
4443 9.04e+02
4444 9.04e+02
4445 9.04e+02
4446 9.04e+02
4447 9.04e+02
4448 9.04e+02
4449 9.04e+02
4450 9.04e+02
4451 9.04e+02
4452 9.04e+02
4453 9.04e+02
4454 9.04e+02
4455 9.04e+02
4456 9.04e+02
4457 9.04e+02
4458 9.04e+02
4459 9.04e+02
4460 9.04e+02
4461 9.04e+02
4462 9.04e+02
4463 9.04e+02
4464 9.04e+02
4465 9.04e+02
4466 9.04e+02
4467 9.04e+02
4468 9.04e+02
4469 9.04e+02
4470 9.04e+02
4471 9.04e+02
4472 9.04e+02
4473 9.04e+02
4474 9.04e+02
4475 9.04e+02
4476 9.04e+02
4477 9.04e+02
4478 9.04e+02
4479 9.04e+02
4480 9.04e+02
4481 9.04e+02
4482 9.04e+02
4483 9.04e+02
4484 9.04e+02
4485 9.04e+02
4486 9.04e+02
4487 9.04e+02
4488 9.04e+02
4489 9.04e+02
4490 9.04e+02
4491 9.04e+02
4492 9.04e+02
4493 9.04e+02
4494 9.04e+02
4495 9.04e+02
4496 9.04e+02
4497 9.04e+02
4498 9.04e+02
4499 9.04e+02
4500 9.04e+02
4501 9.04e+02
4502 9.04e+02
4503 9.04e+02
4504 9.04e+02
4505 9.04e+02
4506 9.04e+02
4507 9.04e+02
4508 9.04e+02
4509 9.04e+02
4510 9.04e+02
4511 9.04e+02
4512 9.04e+02
4513 9.04e+02
4514 9.04e+02
4515 9.04e+02
4516 9.04e+02
4517 9.04e+02
4518 9.04e+02
4519 9.04e+02
4520 9.04e+02
4521 9.04e+02
4522 9.04e+02
4523 9.04e+02
4524 9.04e+02
4525 9.04e+02
4526 9.04e+02
4527 9.04e+02
4528 9.04e+02
4529 9.04e+02
4530 9.04e+02
4531 9.04e+02
4532 9.04e+02
4533 9.04e+02
4534 9.04e+02
4535 9.04e+02
4536 9.04e+02
4537 9.04e+02
4538 9.04e+02
4539 9.04e+02
4540 9.04e+02
4541 9.04e+02
4542 9.04e+02
4543 9.04e+02
4544 9.04e+02
4545 9.04e+02
4546 9.04e+02
4547 9.04e+02
4548 9.04e+02
4549 9.04e+02
4550 9.04e+02
4551 9.04e+02
4552 9.04e+02
4553 9.04e+02
4554 9.04e+02
4555 9.04e+02
4556 9.04e+02
4557 9.04e+02
4558 9.04e+02
4559 9.04e+02
4560 9.04e+02
4561 9.04e+02
4562 9.04e+02
4563 9.04e+02
4564 9.04e+02
4565 9.04e+02
4566 9.04e+02
4567 9.04e+02
4568 9.04e+02
4569 9.04e+02
4570 9.04e+02
4571 9.04e+02
4572 9.04e+02
4573 9.04e+02
4574 9.04e+02
4575 9.04e+02
4576 9.04e+02
4577 9.04e+02
4578 9.04e+02
4579 9.04e+02
4580 9.04e+02
4581 9.04e+02
4582 9.04e+02
4583 9.04e+02
4584 9.04e+02
4585 9.04e+02
4586 9.04e+02
4587 9.04e+02
4588 9.04e+02
4589 9.04e+02
4590 9.04e+02
4591 9.04e+02
4592 9.04e+02
4593 9.04e+02
4594 9.04e+02
4595 9.04e+02
4596 9.04e+02
4597 9.04e+02
4598 9.04e+02
4599 9.04e+02
4600 9.04e+02
4601 9.04e+02
4602 9.04e+02
4603 9.04e+02
4604 9.04e+02
4605 9.04e+02
4606 9.04e+02
4607 9.04e+02
4608 9.04e+02
4609 9.04e+02
4610 9.04e+02
4611 9.04e+02
4612 9.04e+02
4613 9.04e+02
4614 9.04e+02
4615 9.04e+02
4616 9.04e+02
4617 9.04e+02
4618 9.04e+02
4619 9.04e+02
4620 9.04e+02
4621 9.04e+02
4622 9.04e+02
4623 9.04e+02
4624 9.04e+02
4625 9.04e+02
4626 9.04e+02
4627 9.04e+02
4628 9.04e+02
4629 9.04e+02
4630 9.04e+02
4631 9.04e+02
4632 9.04e+02
4633 9.04e+02
4634 9.04e+02
4635 9.04e+02
4636 9.04e+02
4637 9.04e+02
4638 9.04e+02
4639 9.04e+02
4640 9.04e+02
4641 9.04e+02
4642 9.04e+02
4643 9.04e+02
4644 9.04e+02
4645 9.04e+02
4646 9.04e+02
4647 9.04e+02
4648 9.04e+02
4649 9.04e+02
4650 9.04e+02
4651 9.04e+02
4652 9.04e+02
4653 9.04e+02
4654 9.04e+02
4655 9.04e+02
4656 9.04e+02
4657 9.04e+02
4658 9.04e+02
4659 9.04e+02
4660 9.04e+02
4661 9.04e+02
4662 9.04e+02
4663 9.04e+02
4664 9.04e+02
4665 9.04e+02
4666 9.04e+02
4667 9.04e+02
4668 9.04e+02
4669 9.04e+02
4670 9.04e+02
4671 9.04e+02
4672 9.04e+02
4673 9.04e+02
4674 9.04e+02
4675 9.04e+02
4676 9.04e+02
4677 9.04e+02
4678 9.04e+02
4679 9.04e+02
4680 9.04e+02
4681 9.04e+02
4682 9.04e+02
4683 9.04e+02
4684 9.04e+02
4685 9.04e+02
4686 9.04e+02
4687 9.04e+02
4688 9.04e+02
4689 9.04e+02
4690 9.04e+02
4691 9.04e+02
4692 9.04e+02
4693 9.04e+02
4694 9.04e+02
4695 9.04e+02
4696 9.04e+02
4697 9.04e+02
4698 9.04e+02
4699 9.04e+02
4700 9.04e+02
4701 9.04e+02
4702 9.04e+02
4703 9.04e+02
4704 9.04e+02
4705 9.04e+02
4706 9.04e+02
4707 9.04e+02
4708 9.04e+02
4709 9.04e+02
4710 9.04e+02
4711 9.04e+02
4712 9.04e+02
4713 9.04e+02
4714 9.04e+02
4715 9.04e+02
4716 9.04e+02
4717 9.04e+02
4718 9.04e+02
4719 9.04e+02
4720 9.04e+02
4721 9.04e+02
4722 9.04e+02
4723 9.04e+02
4724 9.04e+02
4725 9.04e+02
4726 9.04e+02
4727 9.04e+02
4728 9.04e+02
4729 9.04e+02
4730 9.04e+02
4731 9.04e+02
4732 9.04e+02
4733 9.04e+02
4734 9.04e+02
4735 9.04e+02
4736 9.04e+02
4737 9.04e+02
4738 9.04e+02
4739 9.04e+02
4740 9.04e+02
4741 9.04e+02
4742 9.04e+02
4743 9.04e+02
4744 9.04e+02
4745 9.04e+02
4746 9.04e+02
4747 9.04e+02
4748 9.04e+02
4749 9.04e+02
4750 9.04e+02
4751 9.04e+02
4752 9.04e+02
4753 9.04e+02
4754 9.04e+02
4755 9.04e+02
4756 9.04e+02
4757 9.04e+02
4758 9.04e+02
4759 9.04e+02
4760 9.04e+02
4761 9.04e+02
4762 9.04e+02
4763 9.04e+02
4764 9.04e+02
4765 9.04e+02
4766 9.04e+02
4767 9.04e+02
4768 9.04e+02
4769 9.04e+02
4770 9.04e+02
4771 9.04e+02
4772 9.04e+02
4773 9.04e+02
4774 9.04e+02
4775 9.04e+02
4776 9.04e+02
4777 9.04e+02
4778 9.04e+02
4779 9.04e+02
4780 9.04e+02
4781 9.04e+02
4782 9.04e+02
4783 9.04e+02
4784 9.04e+02
4785 9.04e+02
4786 9.04e+02
4787 9.04e+02
4788 9.04e+02
4789 9.04e+02
4790 9.04e+02
4791 9.04e+02
4792 9.04e+02
4793 9.04e+02
4794 9.04e+02
4795 9.04e+02
4796 9.04e+02
4797 9.04e+02
4798 9.04e+02
4799 9.04e+02
4800 9.04e+02
4801 9.04e+02
4802 9.04e+02
4803 9.04e+02
4804 9.04e+02
4805 9.04e+02
4806 9.04e+02
4807 9.04e+02
4808 9.04e+02
4809 9.04e+02
4810 9.04e+02
4811 9.04e+02
4812 9.04e+02
4813 9.04e+02
4814 9.04e+02
4815 9.04e+02
4816 9.04e+02
4817 9.04e+02
4818 9.04e+02
4819 9.04e+02
4820 9.04e+02
4821 9.04e+02
4822 9.04e+02
4823 9.04e+02
4824 9.04e+02
4825 9.04e+02
4826 9.04e+02
4827 9.04e+02
4828 9.04e+02
4829 9.04e+02
4830 9.04e+02
4831 9.04e+02
4832 9.04e+02
4833 9.04e+02
4834 9.04e+02
4835 9.04e+02
4836 9.04e+02
4837 9.04e+02
4838 9.04e+02
4839 9.04e+02
4840 9.04e+02
4841 9.04e+02
4842 9.04e+02
4843 9.04e+02
4844 9.04e+02
4845 9.04e+02
4846 9.04e+02
4847 9.04e+02
4848 9.04e+02
4849 9.04e+02
4850 9.04e+02
4851 9.04e+02
4852 9.04e+02
4853 9.04e+02
4854 9.04e+02
4855 9.04e+02
4856 9.04e+02
4857 9.04e+02
4858 9.04e+02
4859 9.04e+02
4860 9.04e+02
4861 9.04e+02
4862 9.04e+02
4863 9.04e+02
4864 9.04e+02
4865 9.04e+02
4866 9.04e+02
4867 9.04e+02
4868 9.04e+02
4869 9.04e+02
4870 9.04e+02
4871 9.04e+02
4872 9.04e+02
4873 9.04e+02
4874 9.04e+02
4875 9.04e+02
4876 9.04e+02
4877 9.04e+02
4878 9.04e+02
4879 9.04e+02
4880 9.04e+02
4881 9.04e+02
4882 9.04e+02
4883 9.04e+02
4884 9.04e+02
4885 9.04e+02
4886 9.04e+02
4887 9.04e+02
4888 9.04e+02
4889 9.04e+02
4890 9.04e+02
4891 9.04e+02
4892 9.04e+02
4893 9.04e+02
4894 9.04e+02
4895 9.04e+02
4896 9.04e+02
4897 9.04e+02
4898 9.04e+02
4899 9.04e+02
4900 9.04e+02
4901 9.04e+02
4902 9.04e+02
4903 9.04e+02
4904 9.04e+02
4905 9.04e+02
4906 9.04e+02
4907 9.04e+02
4908 9.04e+02
4909 9.04e+02
4910 9.04e+02
4911 9.04e+02
4912 9.04e+02
4913 9.04e+02
4914 9.04e+02
4915 9.04e+02
4916 9.04e+02
4917 9.04e+02
4918 9.04e+02
4919 9.04e+02
4920 9.04e+02
4921 9.04e+02
4922 9.04e+02
4923 9.04e+02
4924 9.04e+02
4925 9.04e+02
4926 9.04e+02
4927 9.04e+02
4928 9.04e+02
4929 9.04e+02
4930 9.04e+02
4931 9.04e+02
4932 9.04e+02
4933 9.04e+02
4934 9.04e+02
4935 9.04e+02
4936 9.04e+02
4937 9.04e+02
4938 9.04e+02
4939 9.04e+02
4940 9.04e+02
4941 9.04e+02
4942 9.04e+02
4943 9.04e+02
4944 9.04e+02
4945 9.04e+02
4946 9.04e+02
4947 9.04e+02
4948 9.04e+02
4949 9.04e+02
4950 9.04e+02
4951 9.04e+02
4952 9.04e+02
4953 9.04e+02
4954 9.04e+02
4955 9.04e+02
4956 9.04e+02
4957 9.04e+02
4958 9.04e+02
4959 9.04e+02
4960 9.04e+02
4961 9.04e+02
4962 9.04e+02
4963 9.04e+02
4964 9.04e+02
4965 9.04e+02
4966 9.04e+02
4967 9.04e+02
4968 9.04e+02
4969 9.04e+02
4970 9.04e+02
4971 9.04e+02
4972 9.04e+02
4973 9.04e+02
4974 9.04e+02
4975 9.04e+02
4976 9.04e+02
4977 9.04e+02
4978 9.04e+02
4979 9.04e+02
4980 9.04e+02
4981 9.04e+02
4982 9.04e+02
4983 9.04e+02
4984 9.04e+02
4985 9.04e+02
4986 9.04e+02
4987 9.04e+02
4988 9.04e+02
4989 9.04e+02
4990 9.04e+02
4991 9.04e+02
4992 9.04e+02
4993 9.04e+02
4994 9.04e+02
4995 9.04e+02
4996 9.04e+02
4997 9.04e+02
4998 9.04e+02
4999 9.04e+02
5000 9.04e+02
